9
57 30 28 81 88 32 3 42 25

2
1 1
2
3 3

53
61683765 133017144 218267946 128802024 36001641 121749225 201520371 44130801 74810853 44446935 162342336 202672002 66312870 104677989 9017346 185999697 16724994 207730146 130330005 117007215 6066762 124315932 72055971 221602407 177035040 47879247 225674514 233050974 210003300 227375616 124300878 95382144 79801254 207526917 136216119 93146625 67344069 58100913 151014201 137661303 95367090 177750105 75525918 36423153 60788052 80930304 174227469 229355217 45162 152745411 151812063 132294552 33179016 



3
6 2 4

