21 100000
148974867 30381 97742
732144893 63270 81399
880283745 47024 19564
231160544 21524 54989
921677709 5090 68950
807103390 74420 28617
465227066 99810 10794
29791539 39766 62118
58296959 68241 15551
908477292 17153 25091
575164078 27367 87107
378472319 78173 66269
541928503 87563 25130
440754627 36659 85342
958143155 82820 39472
724498306 93720 66810
700553221 51508 14908
473122035 39568 48418
146896548 46444 1453
271987019 74837 67993
319254268 95266 12473

3 10
1 2 7
3 6 5
3 4 8


2 10
1 2 5
7 4 5



10 10
7 5 9
10 9 8
7 5 10
4 2 8
2 9 1
2 8 10
7 10 9
7 7 2
5 1 5
4 7 9




