20 20 2
2 4 2 4 2 4 2 4 2 4 2 4 2 4 2 4 2 4 2 4
2 3 2 4 2 4 2 4 2 4 2 4 2 4 2 4 2 4 2 4
2 4 2 4 2 4 2 4 2 4 2 4 2 4 2 4 2 4 2 4
2 4 2 4 2 4 2 4 2 4 2 4 2 4 2 4 2 4 2 4
2 4 2 3 2 4 2 4 2 4 2 4 2 4 2 4 2 4 2 4
2 4 2 4 2 4 2 4 2 4 2 4 2 4 2 4 2 4 2 4
2 4 2 4 2 4 2 4 2 4 2 4 2 4 2 4 2 4 2 4
2 4 2 4 2 3 2 4 2 4 2 4 2 4 2 4 2 3 2 4
2 4 2 4 2 4 2 4 2 4 2 4 2 4 2 4 2 4 2 4
2 4 2 4 2 4 2 4 2 4 2 4 2 4 2 4 2 4 2 4
2 4 2 4 2 4 2 3 2 4 2 4 2 4 2 3 2 4 2 4
2 4 2 4 2 4 2 4 2 4 2 4 2 4 2 4 2 4 2 4
2 4 2 4 2 4 2 4 2 4 2 4 2 4 2 4 2 4 2 4
2 4 2 4 2 4 2 4 2 3 2 4 2 3 2 4 2 4 2 4
2 4 2 4 2 4 2 4 2 4 2 4 2 4 2 4 2 4 2 4
2 4 2 4 2 4 2 4 2 4 2 4 2 4 2 4 2 4 2 4
2 4 2 4 2 4 2 4 2 4 2 3 2 4 2 4 2 4 2 4
2 4 2 4 2 4 2 4 2 4 2 4 2 4 2 4 2 4 2 4
2 4 2 4 2 4 2 4 2 4 2 4 2 4 2 4 2 4 2 4
2 4 2 4 2 4 2 4 2 4 2 4 2 4 2 4 2 4 2 4
