25 25
255 255 161 205 158 158 -2 282 282 68 221 221 125 125 -2 100 100 -2 241 241 152 152 107 107 227
93 93 161 205 -2 203 203 264 264 68 218 268 164 164 129 267 267 123 277 277 126 258 80 80 227
-2 211 211 -2 95 95 236 236 281 281 218 268 165 165 129 194 194 123 244 244 126 258 122 261 261
105 105 92 148 55 55 118 118 77 208 209 209 141 141 280 130 130 168 98 98 -2 91 122 274 274
101 101 92 148 -2 270 184 223 77 208 262 262 252 252 280 72 -2 168 222 90 90 91 226 226 278
156 156 -2 149 245 270 184 223 111 103 103 228 182 150 150 72 136 87 222 -2 139 139 86 235 278
-2 96 96 149 245 192 157 157 111 271 271 228 182 26 26 27 136 87 173 88 176 176 86 235 283
178 78 78 155 155 192 -2 62 62 69 69 233 233 25 113 27 232 232 173 88 257 257 186 186 283
178 17 17 18 18 19 19 20 119 23 23 24 24 25 113 28 28 29 29 30 30 31 31 32 215
-2 16 114 114 170 201 -2 20 119 22 63 63 73 73 67 67 151 151 204 204 200 200 -2 32 215
196 16 15 15 170 201 131 21 21 22 112 41 40 40 39 39 38 38 162 214 214 84 84 33 128
196 275 275 14 206 -2 131 174 174 -2 112 41 -2 65 65 -2 82 37 162 212 212 220 220 33 128
237 13 13 14 206 71 71 284 284 70 70 42 42 43 43 44 82 37 36 36 35 35 34 34 -2
237 12 143 143 191 191 260 260 140 -2 172 172 132 132 -2 44 180 180 -2 99 99 153 153 58 58
116 12 11 11 210 210 239 239 140 64 64 127 -2 94 94 45 45 46 259 49 49 50 207 -1 256
116 124 124 10 -2 57 57 193 193 102 102 127 134 134 171 171 167 46 259 48 175 50 207 52 256
60 159 179 10 9 9 8 8 7 7 243 110 89 3 2 2 167 47 47 48 175 51 51 52 -2
60 159 179 -2 285 285 79 -2 225 6 243 110 89 3 287 1 197 197 -2 109 109 213 -2 147 56
-2 154 289 289 104 104 79 177 225 6 5 5 4 4 287 1 0 0 199 199 -2 213 169 147 56
189 154 106 106 -2 138 138 177 -2 251 75 276 276 146 242 53 190 190 -2 133 133 160 169 269 269
189 229 76 97 97 230 230 195 195 251 75 137 -2 146 242 53 216 254 117 117 163 160 108 253 253
266 229 76 -2 265 265 217 217 224 185 185 137 250 279 142 142 216 254 288 240 163 -2 108 187 187
266 219 219 198 247 247 166 -2 224 85 249 115 250 279 234 234 145 66 288 240 -2 183 135 120 120
273 188 -2 198 81 81 166 83 83 85 249 115 181 181 -2 59 145 66 61 54 231 183 135 238 286
273 188 144 144 121 121 -2 202 202 74 74 248 248 272 272 59 263 263 61 54 231 246 246 238 286
19 18
