50 50
985 985 2093 2093 1072 1072 822 822 1578 1578 443 443 1214 1214 1344 1344 688 688 1645 1645 26 26 2388 2388 365 365 940 940 2016 2016 394 394 2253 2253 1114 1114 1186 1186 477 477 2374 2374 685 685 1952 1952 1247 1247 2150 2329
1629 1629 2099 2099 -2 75 75 867 867 397 397 32 32 1925 1925 2382 2382 -2 549 549 187 187 78 78 970 970 1306 1306 1139 1139 1524 1524 2469 2469 892 892 164 164 1091 1091 2420 2420 -2 294 294 -2 1366 1366 2150 2329
1395 475 475 2004 2004 1221 1221 1775 1775 586 586 1551 1551 1795 1795 1873 1873 1695 1695 269 269 1308 1308 982 982 1939 1939 225 225 898 898 425 425 153 153 1758 1758 821 821 1085 1085 278 278 412 412 1249 1249 1217 1217 750
1395 -2 1960 1960 1798 1798 -2 1991 1991 857 857 2177 2177 1575 1575 1640 1640 441 441 -2 1471 1471 1043 1043 -2 591 591 1140 1140 585 585 130 130 806 806 2483 2483 1204 1204 2412 2412 1725 1725 -2 356 356 -2 1237 1237 750
291 291 1345 1345 1980 1980 1165 1165 2371 2371 2350 2350 1375 1375 1330 1330 2179 2179 932 932 2078 2078 964 964 1103 1103 2059 2059 1438 1438 209 209 1807 1807 2076 2076 2318 2318 2114 2114 854 854 1322 1322 2324 2324 1782 1782 388 1494
2014 2014 -2 1518 1518 2491 2491 1981 1981 2348 2348 681 681 -2 1992 1992 1334 1334 489 489 1979 1979 490 490 1591 1591 948 948 -2 2083 2083 143 143 1517 1517 89 89 2268 2268 579 579 -2 1455 1455 890 890 1013 1013 388 1494
1527 862 862 706 706 608 608 576 576 2317 2317 2160 2160 1692 1692 295 295 498 498 673 673 725 725 1378 1378 1931 1931 480 480 1903 1903 2289 2289 2473 2473 343 343 1171 1171 1614 1614 1415 1415 661 661 1548 1548 325 325 -2
1527 312 312 1076 1076 2479 2479 -2 1122 1122 2430 2430 2166 2166 1745 1745 909 909 -2 699 699 1416 1416 794 794 691 691 1162 1162 -2 2403 2403 675 675 1001 1001 2146 2146 1448 1448 -2 907 907 -2 1816 1816 766 766 -2 111
1862 1862 271 271 1916 1916 173 173 2416 2416 1735 1735 1869 1869 1949 1949 161 161 2395 2395 1199 1199 2081 2081 1565 1565 58 58 1704 1704 2188 2188 1848 1848 1437 1437 1937 1937 845 845 1694 1694 2224 2224 1638 1638 265 265 2010 111
1454 1454 -2 533 533 1508 1508 -2 2230 2230 -2 1633 1633 1267 1267 -2 1879 1879 1081 1081 2209 2209 300 300 2171 2171 2037 2037 1844 1844 846 846 1499 1499 41 41 255 255 -2 2457 2457 -2 951 951 398 398 1648 1648 2010 1636
776 1882 1882 941 941 1226 1226 1135 1135 1510 1510 1686 1686 559 559 2369 2369 836 836 1079 1079 128 128 52 52 1756 1756 1555 1555 1662 1662 2071 2071 2306 2306 2005 2005 928 928 348 348 1429 1429 1777 1777 1019 1019 1956 1956 1636
776 91 91 1434 1434 683 683 2305 2305 903 903 1823 1823 1031 1031 488 488 679 679 -2 905 905 2356 2356 639 639 -2 1800 1800 879 879 702 702 1814 1814 483 483 2467 2467 1036 1036 1040 1040 600 600 -2 2070 2070 2409 2409
1089 1089 1938 1938 1507 1507 519 519 414 414 1790 1790 1850 1850 2231 2231 917 917 1495 1495 1336 1336 2165 2165 465 465 1099 1099 1842 1842 1830 1830 60 60 1613 1613 85 85 1178 1178 2103 2103 641 641 36 36 234 234 1801 1849
-2 2481 2481 1549 1549 -2 2476 2476 254 254 -2 1906 1906 596 596 -2 953 953 1481 1481 250 250 122 122 299 299 1225 1225 -2 369 369 -2 1961 1961 630 630 2021 2021 1133 1133 -2 1689 1689 1141 1141 -2 1721 1721 1801 1849
126 339 339 1084 1084 458 458 2215 2215 1635 1635 2314 2314 2358 2358 755 755 1657 1657 1170 1170 1313 1313 1182 1182 2100 2100 1881 1881 656 656 2136 2136 935 935 1955 1955 901 901 1654 1654 64 64 2147 2147 1300 1300 1788 1788 1271
126 2498 2498 1296 1296 -2 1310 1310 -2 484 484 537 537 -2 911 911 -2 1009 1009 788 788 2263 2263 190 190 -2 2360 2360 2465 2465 -2 1238 1238 1360 1360 1191 1191 182 182 1730 1730 556 556 -2 690 690 420 420 -2 1271
1405 1405 2363 2363 1672 1672 521 521 1187 1187 1824 1824 646 646 2493 2493 1283 1283 1965 1965 980 980 289 289 349 349 2015 2015 554 554 1975 1975 1841 1841 1789 1789 2311 2311 1791 1791 1369 1369 1751 1751 2460 2460 930 930 1254 1276
1968 1968 910 910 -2 1919 1919 453 453 1588 1588 1319 1319 -2 1461 1461 1357 1357 1264 1264 -2 1290 1290 -2 2396 2396 -2 44 44 1552 1552 2044 2044 2058 2058 2054 2054 -2 1794 1794 2434 2434 -2 1826 1826 -2 2310 2310 1254 1276
642 1272 1272 2089 2089 2278 2278 1773 1773 1891 1891 516 516 288 288 2444 2444 2302 2302 612 612 672 672 710 710 1787 1787 958 958 1373 1373 1559 1559 1203 1203 2462 2462 2141 2141 1101 1101 2265 2265 793 793 2065 2065 2275 2275 -2
642 1361 1361 24 24 501 501 1150 1150 1736 1736 -2 1875 1875 1464 1464 -2 1583 1583 -2 1012 1012 2220 2220 2066 2066 1234 1234 1432 1432 19 19 2242 2242 574 574 -2 1266 1266 2129 2129 -2 738 738 179 179 -2 1696 1696 629
734 734 1275 1275 1509 1509 1470 1470 1576 1576 2295 2295 1516 1516 1353 1353 107 107 1899 1899 2376 2376 1597 1597 8 8 165 165 169 169 176 176 1467 1467 1119 1119 842 842 1038 1038 1595 1595 2156 2156 1403 1403 756 756 71 629
1989 1989 2365 2365 1281 1281 1297 1297 1998 1998 774 774 1682 1682 1363 1363 301 301 2336 2336 966 966 643 643 1397 1397 106 106 341 341 1335 1335 1863 1863 1643 1643 221 221 2189 2189 676 676 2488 2488 1482 1482 1566 1566 71 362
565 1913 1913 716 716 2436 2436 2353 2353 2438 2438 1201 1201 721 721 1417 1417 2184 2184 1074 1074 1472 1472 1263 1263 2238 2238 2413 2413 1634 1634 318 318 2033 2033 623 623 198 198 1785 1785 861 861 2227 2227 772 772 1664 1664 362
565 -2 1466 1466 1853 1853 1825 1825 25 25 -2 1860 1860 1959 1959 2293 2293 -2 1029 1029 -2 2368 2368 1708 1708 -2 1683 1683 1502 1502 419 419 -2 120 120 1224 1224 1000 1000 427 427 1037 1037 1797 1797 1068 1068 -2 387 387
114 114 795 795 1744 1744 1655 1655 2472 2472 2200 2200 1489 1489 1080 1080 1971 1971 272 272 893 893 86 86 196 196 2455 2455 1250 1250 1944 1944 894 894 582 582 1371 1371 1705 1705 1739 1739 1678 1678 460 460 863 863 947 236
-2 1049 1049 -2 248 248 83 83 1676 1676 1615 1615 2390 2390 -2 392 392 1278 1278 -2 1352 1352 1130 1130 330 330 1883 1883 -2 403 403 2458 2458 2410 2410 838 838 782 782 -2 1967 1967 1556 1556 2422 2422 421 421 947 236
1562 249 249 1410 1410 747 747 666 666 327 327 916 916 1616 1616 2185 2185 1259 1259 486 486 3 3 1561 1561 1941 1941 309 309 2343 2343 1512 1512 103 103 279 279 937 937 145 145 466 466 154 154 1719 1719 274 274 572
1562 2077 2077 1446 1446 149 149 -2 1090 1090 2308 2308 1839 1839 -2 742 742 373 373 557 557 2470 2470 1269 1269 -2 2057 2057 -2 2482 2482 1962 1962 -2 451 451 315 315 1804 1804 134 134 -2 2047 2047 2079 2079 2496 2496 572
798 798 971 971 1861 1861 14 14 632 632 322 322 787 787 210 210 275 275 981 981 2195 2195 814 814 244 244 2108 2108 1924 1924 945 945 2204 2204 1963 1963 2041 2041 1127 1127 619 619 1701 1701 2222 2222 377 377 1444 1697
2069 2069 1152 1152 897 897 -2 364 364 17 17 -2 1760 1760 108 108 266 266 2228 2228 -2 2341 2341 1332 1332 659 659 523 523 2032 2032 701 701 -2 1718 1718 2124 2124 -2 1628 1628 -2 245 245 -2 1953 1953 -2 1444 1697
810 268 268 206 206 915 915 902 902 677 677 435 435 1759 1759 116 116 224 224 1248 1248 1711 1711 2087 2087 2485 2485 620 620 2213 2213 1911 1911 283 283 1631 1631 2328 2328 1951 1951 1625 1625 2398 2398 329 329 1917 1917 -2
810 -2 1740 1740 2440 2440 942 942 1514 1514 2347 2347 1568 1568 1145 1145 -2 6 6 -2 408 408 -2 2149 2149 2461 2461 2296 2296 -2 1132 1132 1216 1216 800 800 1930 1930 2139 2139 954 954 440 440 1420 1420 -2 723 723 360
1092 1092 1867 1867 70 70 2486 2486 1390 1390 2466 2466 2061 2061 711 711 1724 1724 110 110 1017 1017 1905 1905 2175 2175 1534 1534 1419 1419 436 436 2282 2282 1387 1387 1829 1829 2261 2261 965 965 53 53 4 4 1624 1624 625 360
2477 2477 1457 1457 -2 1608 1608 -2 476 476 -2 1213 1213 51 51 1677 1677 816 816 614 614 651 651 57 57 -2 715 715 961 961 336 336 2167 2167 -2 1252 1252 -2 1890 1890 1497 1497 -2 1407 1407 -2 844 844 625 975
1590 999 999 1406 1406 1284 1284 1273 1273 1401 1401 1462 1462 1504 1504 808 808 541 541 552 552 1933 1933 1554 1554 2035 2035 1293 1293 1110 1110 813 813 729 729 1440 1440 227 227 1338 1338 1105 1105 1950 1950 2226 2226 171 171 975
1590 -2 2153 2153 -2 1418 1418 976 976 306 306 1846 1846 1050 1050 264 264 1878 1878 1193 1193 2214 2214 2229 2229 -2 2279 2279 -2 815 815 -2 2429 2429 1156 1156 2110 2110 -2 1069 1069 -2 277 277 -2 850 850 513 513 50
1350 1350 1311 1311 1003 1003 1935 1935 839 839 20 20 345 345 180 180 2448 2448 1520 1520 1301 1301 1298 1298 832 832 444 444 2492 2492 1035 1035 450 450 2121 2121 1854 1854 943 943 1189 1189 1071 1071 1314 1314 603 603 407 50
2075 2075 866 866 -2 1167 1167 -2 2392 2392 1158 1158 883 883 -2 753 753 2122 2122 665 665 1592 1592 644 644 2097 2097 1433 1433 2088 2088 1513 1513 1579 1579 1032 1032 1673 1673 1732 1732 -2 759 759 777 777 878 878 407 257
2187 1786 1786 1287 1287 2269 2269 286 286 931 931 2301 2301 367 367 955 955 2223 2223 464 464 1329 1329 1052 1052 855 855 2234 2234 2367 2367 172 172 564 564 472 472 1771 1771 350 350 746 746 1365 1365 2155 2155 131 131 257
2187 913 913 -2 68 68 -2 1652 1652 -2 2431 2431 1653 1653 -2 1927 1927 1970 1970 2333 2333 717 717 217 217 1793 1793 -2 222 222 2018 2018 -2 522 522 -2 2101 2101 1073 1073 -2 1062 1062 1185 1185 -2 997 997 -2 1402
1767 1767 695 695 2406 2406 2307 2307 73 73 129 129 526 526 323 323 1023 1023 1764 1764 1570 1570 438 438 1451 1451 692 692 35 35 1030 1030 926 926 147 147 2247 2247 42 42 2116 2116 2251 2251 1902 1902 2254 2254 13 1402
-2 1806 1806 99 99 1340 1340 -2 1630 1630 218 218 946 946 653 653 2107 2107 1077 1077 840 840 -2 1086 1086 59 59 1305 1305 1604 1604 -2 1571 1571 2326 2326 1348 1348 994 994 635 635 1522 1522 1813 1813 512 512 13 -2
1218 967 967 1519 1519 660 660 588 588 631 631 1394 1394 1058 1058 873 873 648 648 157 157 515 515 835 835 112 112 2210 2210 1160 1160 0 0 231 231 739 739 127 127 895 895 353 353 1153 1153 1598 1598 1596 1596 1621
1218 -2 2407 2407 -2 2012 2012 -2 1240 1240 1845 1845 -2 2377 2377 1087 1087 -2 1541 1541 1112 1112 140 140 1642 1642 1815 1815 1781 1781 1742 1742 1055 1055 1374 1374 -2 869 869 -2 872 872 -2 950 950 1762 1762 243 243 1621
859 859 194 194 924 924 192 192 2245 2245 239 239 331 331 1877 1877 1289 1289 313 313 1670 1670 2393 2393 2453 2453 292 292 2169 2169 137 137 2236 2236 2378 2378 1231 1231 1277 1277 1198 1198 1543 1543 2192 2192 1821 1821 2270 267
2280 2280 1251 1251 700 700 2449 2449 2102 2102 801 801 1125 1125 -2 2404 2404 2 2 1936 1936 433 433 1044 1044 262 262 2225 2225 2401 2401 2246 2246 2145 2145 43 43 1488 1488 15 15 2138 2138 1047 1047 858 858 -2 2270 267
876 2073 2073 528 528 720 720 2346 2346 1430 1430 1020 1020 566 566 1157 1157 1901 1901 298 298 773 773 988 988 833 833 770 770 1572 1572 1932 1932 1400 1400 2240 2240 2172 2172 1230 1230 141 141 1820 1820 119 119 34 34 2208
876 2327 2327 2494 2494 -2 1265 1265 205 205 2260 2260 -2 540 540 2135 2135 1674 1674 1180 1180 204 204 -2 296 296 -2 69 69 27 27 2357 2357 2127 2127 2264 2264 2218 2218 2315 2315 2456 2456 459 459 697 697 1011 1011 2208
1691 1691 2266 2266 2423 2423 918 918 144 144 1175 1175 72 72 752 752 1688 1688 2117 2117 1943 1943 2157 2157 2106 2106 30 30 1060 1060 707 707 1439 1439 1573 1573 889 889 455 455 163 163 888 888 240 240 829 829 -1 1671
-2 22 22 974 974 757 757 396 396 2387 2387 -2 2017 2017 506 506 -2 1493 1493 -2 724 724 -2 66 66 811 811 -2 1723 1723 1424 1424 320 320 1428 1428 1599 1599 936 936 2205 2205 -2 2126 2126 1312 1312 2161 2161 1671
1 1
