100 100
3390 3823 774 774 2568 2568 2604 2604 1252 2097 2097 1553 3914 3914 1528 964 1425 1413 926 926 -2 4042 4042 1267 956 771 771 4273 4273 2266 2266 -2 361 3289 3692 2681 -2 1687 1687 2120 2120 3262 160 -2 112 112 3121 832 2006 4088 4088 3461 3461 2926 2926 3889 3889 -2 2389 2389 1593 1593 2403 2403 -2 1630 1630 -2 722 3174 3174 3606 3606 3384 -2 549 549 -2 729 729 2340 4458 2732 3827 3827 3933 3933 -2 3934 2939 4489 1544 1544 4382 4382 -2 4277 2205 3868 1889
3390 3823 137 2686 2686 -2 3445 -2 1252 2812 2812 1553 4045 -2 1528 964 1425 1413 2375 472 1002 3175 4262 1267 956 2943 1550 -2 2542 2542 -2 1465 361 3289 3692 2681 4120 -2 1575 1575 -2 3262 160 1312 3512 734 3121 832 2006 1707 1443 1443 3255 3255 -2 313 313 3248 3248 3618 -2 105 105 -2 150 4098 4098 602 722 3846 1158 202 -2 3384 1936 1936 4076 4076 2372 1477 2340 4458 2732 -2 1433 1433 423 806 3934 2939 4489 1540 3498 3498 154 154 4277 2205 3868 1889
1913 1913 137 3238 2092 2092 3445 210 210 -2 1380 1380 4045 4183 737 737 550 3224 2375 472 1002 3175 4262 4480 2824 2943 1550 3970 4254 4254 3429 1465 4379 877 3785 3785 4120 3576 3576 -2 2441 2281 2770 1312 3512 734 1743 1209 823 1707 -2 859 286 286 2666 2666 -2 1919 3881 3618 2325 2325 4457 4457 150 3178 3178 602 2537 3846 1158 202 4054 2199 65 -2 1143 1143 2372 1477 3841 3204 3204 2008 -2 2669 423 806 3002 3002 2549 1540 -2 1374 1374 3081 2780 2780 2324 2324
3377 852 852 3238 3085 727 66 66 -2 1934 2083 2289 2289 4183 3678 1587 550 3224 2240 1517 2677 2394 4320 4480 2824 4247 4247 3970 2207 2207 3429 4151 4379 877 4556 4349 4165 4165 2607 2607 2441 2281 2770 445 445 -2 1743 1209 823 -2 1083 859 2708 2708 -2 58 58 1919 3881 2332 894 4228 332 332 838 1275 1275 2354 2537 1387 1387 1616 4054 2199 65 1399 1399 -2 2997 2997 3841 3605 3605 2008 1760 2669 1323 3688 2522 2522 2549 4506 1794 1186 1186 3081 2063 2539 4002 4002
3377 3148 3148 1453 3085 727 2984 2984 3423 1934 2083 -2 3939 4373 3678 1587 3653 -2 2240 1517 2677 2394 4320 4049 2976 3784 4557 1343 3989 244 244 4151 3206 4243 4556 4349 -2 1749 1749 403 403 -2 480 480 -2 1027 1027 3744 3744 890 1083 2535 2535 3254 3434 3434 1010 1010 2647 2332 894 4228 3353 3353 838 3051 3051 2354 730 730 1206 1616 2436 -2 2961 1151 333 2658 2658 1357 184 184 2459 -2 1760 3131 1323 3688 -2 4531 4531 4506 1794 3736 1928 3177 2063 2539 -2 625
325 4066 4066 1453 958 958 4014 4014 3423 1640 1640 1644 3939 4373 41 41 3653 394 394 -2 2342 3207 3207 4049 2976 3784 4557 1343 3989 -2 1631 1631 3206 4243 927 3783 3783 4205 4205 1353 1353 2186 2186 151 151 2064 2064 2381 2381 890 2009 2009 -2 3254 888 888 1470 2941 2647 3721 3721 3706 1246 -2 1398 1398 4444 -2 4391 4391 1206 4429 2436 4148 2961 1151 333 205 -2 1357 4224 836 2459 148 148 3131 -2 2912 4301 4301 1666 1666 4565 3736 1928 3177 -2 3346 3346 625
325 -2 4032 4032 2919 2919 2462 2462 1598 1598 -2 1644 4142 1003 1003 -2 3054 3054 2816 2816 2342 4573 -2 1996 3222 3222 2745 2191 2229 2229 3752 1130 593 593 927 1882 1882 2057 2057 -2 416 416 1791 1791 1213 3153 3153 2775 2775 1571 1571 1941 1941 2982 2982 1330 1470 2941 143 2210 2210 3706 1246 142 1350 1350 4444 1178 2444 3813 3813 4429 1315 4148 4346 4300 4300 205 989 989 4224 836 -2 3115 3115 460 460 2912 2851 2851 4384 4384 4565 1989 -2 696 696 1411 1411 -2
3068 376 -2 3871 258 1360 1360 1421 4252 630 630 2200 4142 3141 3141 1076 1076 3870 4218 2140 2140 4573 1731 1996 1131 1131 2745 2191 3628 3628 3752 1130 4235 4235 1371 1371 2676 2676 4024 3524 2616 2616 4530 4530 1213 2767 2767 1366 1366 -2 3247 3556 1502 1502 2784 1330 -2 447 143 4359 4359 2276 2276 142 3195 185 185 1178 2444 1055 3060 3060 1315 3742 4346 1468 1468 123 123 3676 3676 528 781 4559 4559 3569 3045 3045 3427 3427 492 4158 4158 1989 1555 1555 2664 4068 1648 1648
3068 376 309 3871 258 -2 2341 1421 4252 4041 853 2200 -2 626 626 4150 4150 3870 4218 3973 4578 4578 1731 1386 2661 2661 1534 1534 1775 1775 2915 -2 968 968 3169 238 2731 -2 4024 3524 -2 1176 1176 3923 2356 2356 117 117 1486 1486 3247 3556 4040 4040 2784 2723 2723 447 -2 4179 3453 3453 2238 23 3195 3439 3439 2399 2399 1055 687 687 1148 3742 4034 4153 4153 1406 1199 475 3304 528 781 2845 2845 3569 -2 1337 1337 -2 492 -2 3130 3130 -2 645 2664 4068 3935 3935
2247 -2 309 4210 3506 3506 2341 3671 3671 4041 853 3391 4152 4152 2567 2188 3741 1515 1515 3973 1944 1944 -2 1386 -2 1485 4307 2481 1853 1853 2915 2825 2825 2258 3169 238 2731 3107 788 1695 1695 2167 2167 3923 3058 3058 2853 2853 1688 1688 -2 873 873 -2 1220 1220 -2 466 466 4179 2021 2021 2238 23 3972 3972 -2 3033 3033 -2 3616 3616 1148 3387 4034 1574 1574 1406 1199 475 3304 2033 2033 713 259 4175 1686 1686 752 439 439 3159 3159 1782 1782 645 -2 356 356 2234
2247 3476 3476 4210 1146 1146 3454 4296 299 545 545 3391 354 1816 2567 2188 3741 4400 4400 -2 3063 3964 3964 1511 1511 1485 4307 2481 776 216 -2 4438 4438 2258 1691 1691 3382 3107 788 -2 3245 3558 3558 1823 1823 -2 2846 3072 3072 -2 931 1060 2642 2642 2801 3782 3782 2995 2995 1835 2388 2388 2724 864 864 1866 2103 2103 3682 4351 4351 3587 3699 3387 2189 1747 1747 2192 2192 962 962 3588 3588 713 259 4175 2384 2384 752 3541 3541 -2 2802 2802 -2 1279 1279 2177 -2 2234
3867 3867 893 2782 2782 -2 3454 4296 299 3525 129 642 354 1816 2456 2709 1251 1251 327 1663 3063 -2 3504 4567 627 627 4470 4470 776 216 1606 2659 2659 668 502 502 3382 1802 1802 2641 3245 586 -2 1442 12 12 2846 -2 2075 2075 931 1060 -2 1833 2801 1850 1850 3366 3366 1835 2497 -2 2724 3789 3789 1866 3232 3232 3682 510 510 3587 3699 -2 2189 82 82 2250 2250 2496 2496 4541 4541 1298 1298 3418 3418 2122 2122 2473 2473 3657 311 954 954 80 80 2177 3496 3496
764 764 893 4236 4236 1693 1693 3550 3550 3525 129 642 -2 1092 2456 2709 3805 3805 327 1663 2450 2450 3504 4567 240 1019 2883 2883 792 -2 1606 2894 2894 668 2893 2893 1340 1006 1006 2641 -2 586 1495 1442 4558 2526 3544 4473 3125 -2 401 3086 1614 1833 2232 4539 3176 2857 977 4272 2497 829 829 -2 1723 1723 3758 -2 255 255 2974 467 467 1998 1804 1804 1658 3170 3586 -2 1356 1356 3446 3446 4390 4390 2949 693 693 4314 4314 3657 311 19 19 3403 3403 766 766 -2
751 1190 404 404 28 28 2504 -2 678 678 3314 3314 1662 1092 -2 3230 2302 2302 2073 2073 2633 2633 1932 1932 240 1019 2637 2637 792 2255 2255 2600 2600 -2 421 421 1340 4552 4552 620 337 -2 1495 3008 4558 2526 3544 4473 3125 2127 401 3086 1614 4195 2232 4539 3176 2857 977 4272 2818 4005 4005 4177 4177 2672 3758 2630 501 -2 2974 2151 -2 1998 -2 1157 1658 3170 3586 1379 1333 1333 331 331 2663 2663 2949 1905 1905 4138 4138 2892 3260 3260 723 723 4073 3702 1023 1023
751 1190 4423 4423 846 846 2504 4276 4065 4065 -2 2689 1662 -2 328 3230 2555 2555 2752 2752 2774 1822 692 692 -2 2365 2365 3955 3955 2573 2573 2471 2471 3049 3049 3919 3949 1508 3862 620 337 3642 3642 3008 3492 3492 1188 1188 -2 2127 2454 4503 4503 4195 1490 2198 2198 3539 3539 2710 2818 289 289 3847 3847 2672 2259 2630 501 1372 1372 2151 217 -2 735 1157 2835 2835 2878 1379 1334 -2 2635 2791 2750 2750 -2 2776 3991 1541 783 2892 525 525 3493 3493 4073 3702 2252 2252
2536 2536 4030 4030 -2 2226 2226 4276 3368 3368 1645 2689 3328 3328 328 -2 127 3978 1779 1779 2774 1822 -2 921 921 294 294 3420 4081 4081 3583 4479 1169 2571 2571 3919 3949 1508 3862 3521 3472 3472 2796 2493 2493 2451 4451 4213 2243 3810 2454 4248 4248 2371 1490 3106 3106 1344 1344 2710 1362 1362 3380 3380 1556 1556 2259 1726 1726 1013 1013 -2 217 651 735 186 186 1652 2878 -2 1334 3417 2635 2791 -2 2660 1524 2776 3991 1541 783 3235 4168 4051 -2 4542 4418 3046 2116 2116
880 -2 2026 2026 4270 3773 2133 2133 1639 1639 1645 -2 3279 3279 481 481 127 3978 2634 2634 372 372 343 1729 1729 4067 3771 3420 946 946 3583 4479 1169 2785 1708 1708 166 166 1236 3521 2035 2035 2796 1245 1245 2451 4451 4213 2243 3810 2037 2037 -2 2371 2111 2055 522 522 254 254 -2 2061 2397 2397 396 396 2211 2211 469 126 126 2719 2719 651 4133 4133 -2 1652 2431 3754 3754 3417 2280 1159 4186 2660 1524 -2 3791 3791 -2 3235 4168 4051 815 4542 4418 3046 -2 2147
880 837 4173 -2 4270 3773 -2 3272 3425 3425 52 1123 1123 -2 2821 2821 -2 1783 1869 1514 1514 2841 343 4184 4184 4067 3771 3825 802 802 -2 395 395 2785 639 639 1341 1341 1236 703 703 1352 1352 -2 363 3299 3299 2016 2016 3824 3824 4211 4211 -2 2111 2055 618 637 637 1659 1659 2061 272 -2 4001 4001 1177 1177 469 2069 2069 4016 4016 4060 1618 2748 2748 -2 2431 -2 2508 2508 2280 1159 4186 4529 -2 3490 3490 -2 4096 4096 3354 104 815 1586 1586 1974 1974 2147
437 837 4173 72 4562 1680 4538 3272 -2 459 52 -2 2311 2814 2814 3725 3725 1783 1869 530 530 2841 3858 349 -2 685 685 3825 4058 4058 2942 2942 -2 719 719 753 753 3032 3032 3660 3660 -2 227 227 363 111 111 3728 3552 3552 4369 2100 2291 2351 2172 2172 618 3770 3770 564 1744 1014 272 3526 441 441 -2 4316 250 1727 1727 2574 2066 4060 1618 604 604 1299 -2 3985 3985 3608 3608 4268 4268 4529 1876 4135 4135 4134 4134 3763 3354 104 1436 3460 -2 1562 1562 -2
437 -2 418 72 4562 1680 4538 606 606 459 1316 1316 2311 2257 2257 -2 415 3312 3312 4080 4080 3796 3858 349 3654 3654 265 265 3029 3029 -2 2209 2209 4524 3295 -2 2115 2115 -2 4476 4476 1498 1498 237 2285 2285 -2 3728 658 658 4369 2100 2291 2351 -2 2597 2597 3291 3291 564 1744 1014 2264 3526 -2 1011 1011 4316 250 251 -2 2574 2066 1475 795 2575 2838 1299 2491 2491 2922 4335 4335 3750 3750 2670 1876 3132 3891 653 653 3763 997 997 1436 3460 3819 3819 3786 3786
96 96 418 2778 2778 -2 671 671 1496 4337 2843 3950 4425 3540 1549 2231 415 3878 3878 31 31 3796 574 -2 2807 1018 3943 -2 4234 4234 1111 1111 -2 4524 3295 2565 2565 -2 2110 2110 1594 4527 4527 237 120 3748 393 3591 3591 4180 4180 2521 2521 919 273 4044 589 589 3690 3690 -2 189 2264 3022 3164 -2 1317 1317 -2 251 419 2914 2914 1475 795 2575 2838 -2 2747 2747 2922 4077 4077 3755 3755 2670 951 3132 3891 -2 2322 2322 3673 -2 1346 1346 3261 3261 582 582
4015 4288 4288 -2 3733 3155 3155 -2 1496 4337 2843 3950 4425 3540 1549 2231 638 3062 3062 2465 321 -2 574 482 2807 1018 3943 1451 1451 -2 4127 -2 1059 314 3485 1499 1499 2344 984 984 1594 1359 3990 3990 120 3748 393 4399 4399 656 656 1247 2166 919 273 4044 2114 708 708 4118 998 189 1431 3022 3164 702 702 -2 26 1080 419 3600 3600 4396 300 2161 1147 3510 3768 3768 -2 2187 4115 4115 1605 1841 951 1456 3801 3801 -2 1507 3673 811 811 3127 3127 -2 1945 1945
4015 4185 2611 3722 3733 426 426 1763 1763 726 4050 4050 3982 -2 1129 1129 638 3214 347 2465 321 3129 3129 482 2107 2107 -2 274 274 3185 4127 1857 1059 314 3485 -2 794 2344 1821 1821 -2 1359 3027 3027 622 622 371 -2 56 56 276 1247 2166 1145 575 575 2114 3372 3372 4118 998 2086 1431 3610 3610 601 -2 1497 26 1080 691 1403 1501 4396 300 2161 1147 3510 -2 1241 1393 2187 1438 2135 1605 1841 2986 1456 2460 2460 2967 1507 1273 1273 2131 2131 201 493 493 4571
-2 4185 2611 3722 3672 -2 1858 640 640 726 2714 2714 3982 1969 4317 4317 -2 3214 347 2047 580 1394 3048 3426 3426 -2 1898 4461 4461 3185 2483 1857 4404 -2 172 172 794 4381 2023 2023 1067 1067 -2 3201 3201 3696 371 4363 4363 -2 276 743 1526 1145 4385 4121 1172 1172 -2 1583 -2 2086 609 609 3064 601 2413 1497 -2 2282 691 1403 1501 1772 1772 914 4227 2060 2060 1241 1393 0 1438 2135 1375 1375 2986 3809 3809 3900 2967 3478 3478 1489 1489 -2 201 554 554 4571
2424 2424 4074 4074 3672 1820 1858 3161 1227 1227 -2 429 -2 1969 863 863 2225 2019 2019 2047 580 1394 3048 3822 70 748 1898 1906 -2 2013 2483 -2 4404 1422 1422 4171 4171 4381 542 1826 2626 3347 3347 1925 -2 3696 3502 3502 63 63 3570 743 1526 1914 4385 4121 673 2799 2799 1583 400 1580 509 509 3064 -2 2413 -2 179 2282 4526 4526 485 269 269 914 4227 392 392 3209 3209 0 3487 3487 4336 4336 1476 1476 770 3900 3311 3311 1240 2722 2722 315 3191 3191 2790 2790
-2 1231 1231 3268 3268 1820 3568 3161 -2 1016 1016 429 2358 2358 2072 2072 2225 1832 1832 -2 2529 2529 -2 3822 70 748 -2 1906 4371 2013 4435 718 718 741 3740 3740 4440 4440 542 1826 2626 89 2623 1925 4217 3468 -2 350 350 3194 3570 1437 -2 1914 4119 -2 673 -2 4028 4028 400 1580 1923 1923 -2 3007 4230 4230 179 -2 1427 1427 485 2333 2333 -2 2887 491 491 773 773 1 4338 8 7 7 3431 -2 770 2174 1818 1818 1240 91 91 315 1675 4372 4367 4367
2929 2929 2557 4368 2125 2125 3568 3259 3259 -2 329 329 2877 2877 2003 49 49 842 808 889 889 -2 3330 1015 2015 2015 2913 2913 4371 1096 4435 4100 4100 741 4191 4092 3718 1567 1567 2279 2279 89 2623 50 4217 3468 1017 1017 2970 3194 -2 1437 2112 2112 4119 4089 3409 4033 -2 135 135 -2 1185 1185 1054 3007 -2 2552 2552 1654 1568 102 4131 3364 100 100 2887 2612 4304 1483 1483 1 4338 8 917 6 3431 365 365 2174 3410 3410 1200 1200 3011 3011 1675 4372 187 3930
2395 1089 2557 4368 3523 3315 139 139 -2 732 732 290 290 -2 2003 3626 3626 842 808 407 1921 1921 3330 1015 3546 2580 2580 1254 1254 1096 527 527 3643 1950 4191 4092 3718 -2 2468 2468 -2 4208 4208 50 2241 2932 2932 2411 2970 -2 3812 342 342 1154 -2 4089 3409 4033 996 4308 -2 2648 2648 3203 1054 972 972 1987 616 1654 1568 102 4131 3364 3393 3393 1224 2612 4304 4508 4508 2 717 -1 917 6 3156 3156 3147 987 987 624 3414 3414 3089 -2 2584 2584 187 3930
2395 1089 -2 3043 3523 3315 4305 4383 229 229 3264 561 2704 3956 3956 2962 -2 939 939 407 4497 4497 2368 2368 3546 747 747 16 4019 4019 192 192 3643 1950 539 539 1101 1101 -2 804 2864 2864 3712 3712 2241 -2 1031 2411 2937 2937 3812 1073 1073 1154 3009 3009 3746 3746 996 4308 3631 1513 1513 3203 3458 3458 470 1987 616 3845 1022 1785 1785 2721 2721 4311 1224 3432 3432 2869 2869 2 717 1480 1480 5 3890 3890 3147 359 533 624 277 2293 3089 3099 3428 2330 2330 4059
2927 -2 875 3043 4528 4528 4305 4383 2788 2788 3264 561 2704 257 257 2962 2251 2251 3109 -2 3966 3697 4281 4281 4548 4548 3351 16 3620 3620 2145 4481 2847 2847 55 672 672 -2 2514 804 858 -2 1635 1635 862 862 1031 924 924 1243 1243 -2 1789 1789 4569 1971 1971 4522 1222 2366 3631 -2 2781 870 507 -2 470 1709 861 3845 1022 34 34 1752 1752 4311 -2 1416 1416 2208 2208 3 3 4 4 5 2347 1318 1318 359 533 -2 277 2293 162 3099 3428 2944 2944 4059
2927 4280 875 3632 3632 633 633 -2 4155 4155 -2 133 295 -2 3551 3980 3607 3607 3109 2564 3966 3697 1611 682 682 3518 3351 3348 3348 2856 2145 4481 1069 2194 55 2928 1108 1108 2514 2578 858 1249 1249 786 786 4488 4207 3360 86 2657 4499 374 2531 2531 4569 2918 2918 4522 1222 2366 2430 2430 2781 870 507 831 831 1709 861 -2 3542 4101 2175 2175 36 223 2771 2771 4007 4007 -2 1845 1845 2104 2104 3284 2347 1973 1973 4108 53 1577 1577 -2 162 1144 1234 2716 1888 1888
-2 4280 -2 37 37 680 3352 3352 1355 1355 1426 133 295 128 3551 3980 2254 3852 3852 2564 3953 3953 1611 1342 1342 3518 1432 1432 1538 2856 945 945 1069 2194 -2 2928 -2 562 562 2578 3947 3947 3480 3480 -2 4488 4207 3360 86 2657 4499 374 3120 3120 1632 -2 2044 2044 471 471 194 4079 971 971 -2 1937 967 967 4493 4493 3542 4101 4162 -2 36 223 1280 1280 3860 1895 2101 3416 1865 1865 -2 3284 1943 1943 -2 4108 53 326 326 1452 1452 1144 1234 2716 2482 2482
3459 3459 1622 1622 -2 680 1624 1624 3395 3395 1426 3228 3228 128 4075 4075 2254 1565 4498 4498 -2 3534 3534 -2 4110 3379 3437 3437 1538 2262 3986 684 368 368 1703 1703 2865 2334 3781 3781 109 3017 3017 -2 2636 -2 4409 4409 -2 4579 3651 3651 2769 2769 1632 2467 268 268 4090 3836 194 4079 -2 3303 3303 1937 -2 270 270 2480 3865 3865 4162 1610 1610 -2 1283 1283 3860 1895 2101 3416 707 2078 2078 1873 1873 3411 3411 3531 2538 3927 2170 1354 2315 2315 4069 108 4494 4494
2598 2598 4249 4249 1137 1137 1627 1627 1597 4328 4328 241 496 -2 1488 1488 -2 1565 1237 1237 878 878 1257 1257 4110 3379 -2 2256 1201 2262 3986 684 -2 3441 1264 1264 2865 2334 3874 3874 109 1803 2823 2808 2636 1081 180 1038 1038 4579 4421 4421 1471 44 44 2467 -2 3611 4090 3836 3838 3838 1601 1601 3256 2408 879 879 566 2480 2665 2665 1579 1579 -2 1396 2393 77 77 -2 2541 2541 707 495 495 3145 1745 1745 3401 3531 2538 3927 2170 1354 659 659 4069 108 887 887
520 520 3210 3210 3323 3323 3554 3554 1597 2556 2556 241 496 3951 3101 3105 905 905 3212 3212 720 720 -2 413 413 4064 4430 2256 1201 4414 4414 3537 2288 3441 2052 2052 -2 32 1650 2153 2153 1803 2823 2808 -2 1081 180 1094 1094 1721 1678 1678 1471 -2 2113 2671 2671 3611 2605 2605 2609 2609 2499 2499 3256 2408 1964 4410 566 3319 3319 1891 2674 2674 3363 1396 2393 -2 2195 511 3151 3151 1132 281 1281 3145 3787 3787 3401 322 2688 2688 3888 3888 -2 1001 2318 2318 1401 1401
-2 4193 3142 161 161 1133 1133 -2 648 410 410 3806 592 3951 3101 3105 1566 1566 1369 1369 -2 1100 302 983 -2 4064 4430 1892 1641 247 247 3537 2288 4253 3357 -2 2947 32 1650 2629 2629 -2 3898 3898 3604 1195 2695 2695 2582 1721 767 767 444 444 2113 1967 1967 -2 3948 3948 817 817 1732 1732 2286 -2 1964 4410 -2 2309 2309 1891 2306 -2 3363 1778 628 628 2195 511 3491 3491 1132 281 1281 -2 1510 1510 -2 322 2725 1603 1603 4514 402 1001 -2 18 3593 3593
3205 4193 3142 3288 2360 2360 3925 3925 648 4375 4375 3806 592 1991 1991 1293 4463 4463 438 438 555 1100 302 983 383 596 596 1892 1641 3560 2485 1478 1478 4253 3357 3023 2947 320 -2 4350 4350 59 3792 3792 3604 1195 830 830 2582 -2 2885 -2 2050 2050 784 784 2875 14 -2 3004 3004 -2 1689 1689 2286 1901 4128 3929 3929 3575 3575 -2 2306 1074 1074 1778 690 690 -2 886 1625 600 600 3961 3961 3421 3287 4084 3645 -2 2725 2196 2196 4514 402 822 4145 18 3774 3774
3205 3571 3571 3288 -2 156 3342 3342 3952 3952 2985 2985 -2 688 688 1293 -2 443 2960 2960 555 2169 2169 -2 383 1166 1166 3818 3818 3560 2485 468 1685 4460 4460 3023 2027 320 3668 334 334 59 3995 1504 1504 -2 3597 3597 3762 3762 2885 1677 1677 1535 2717 2327 2875 14 2152 3601 -2 1999 1999 1589 -2 1901 4128 3150 3150 3954 3954 1363 1363 1669 1669 -2 2070 731 731 886 1625 -2 3959 3959 1424 3421 3287 4084 3645 2729 2619 2619 -2 3270 3270 822 4145 1197 1197 4456
-2 2245 3724 4466 4466 156 1993 1993 1612 2682 2682 206 1539 1539 1741 1062 2783 443 -2 312 4387 686 1292 1292 -2 1278 1278 790 790 155 155 468 1685 938 938 -2 2027 425 3668 -2 420 420 3995 1933 1933 546 546 2316 2002 132 4112 4378 4378 1535 2717 2327 3851 3851 2152 3601 4250 4250 1378 1589 384 4550 2350 2350 4333 4333 130 130 1664 1664 220 220 2070 947 3701 2004 2811 2811 1503 1503 1424 -2 3887 930 3936 2729 -2 915 3767 2032 2032 799 799 4214 4214 4456
367 2245 3724 2524 1259 2540 2540 -2 1612 3532 3532 206 848 -2 1741 1062 2783 3143 3143 312 4387 686 107 1935 3263 3263 2527 1592 1592 1079 1079 908 908 3807 3710 1939 -2 425 3293 990 3820 3820 1351 1351 944 2692 2692 2316 2002 132 4112 3307 3117 904 2518 2518 -2 828 828 2651 1746 2067 1378 -2 384 4550 3614 4534 3837 4339 4339 548 860 3855 54 3946 3946 947 3701 2004 -2 182 182 -2 3928 1633 3887 930 3936 1523 1523 915 3767 2773 3665 225 -2 3362 3362 -2
367 370 370 2524 1259 4475 4475 4360 4467 4132 3449 2952 848 2515 2515 1970 1682 -2 3649 3649 750 -2 107 1935 2098 3477 2527 452 452 -2 2820 2820 2760 3807 3710 1939 3334 -2 3293 990 3920 1799 1799 -2 944 4056 74 74 2428 2106 2106 3307 3117 904 -2 1531 1531 1915 1915 2651 1746 2067 -2 2900 1098 1098 3614 4534 3837 2608 2608 548 860 3855 54 1676 -2 1690 1690 -2 3849 3337 3863 3863 3928 1633 519 3861 3969 3636 3636 122 122 2773 3665 225 4334 4334 25 25
3133 -2 2053 164 164 705 705 4360 4467 4132 3449 2952 1225 1225 1239 1970 1682 3025 3025 1119 750 844 844 3463 2098 3477 1139 697 697 950 4048 4048 2760 711 711 2911 3334 2925 4107 4107 3920 3358 4315 4315 -2 4056 2768 -2 2428 2570 2570 1830 1830 79 79 960 960 782 87 3832 3832 695 3505 2900 199 199 1563 2370 2964 2109 3305 3305 1976 1976 -2 1676 2458 2458 2277 2277 3849 3337 1984 -2 2849 2849 519 3861 3969 632 632 -2 2071 3926 3647 3647 2593 2593 2948 2948
3133 2800 2053 140 140 -2 3134 3134 636 1960 -2 608 608 239 1239 134 134 867 -2 1119 -2 2305 2475 3463 1155 2622 1139 4408 4408 950 -2 3664 3664 1681 1681 2911 646 2925 2412 2412 -2 3358 2833 21 351 1044 2768 3732 3732 -2 584 584 -2 2148 2148 4026 4026 782 87 1112 245 695 3505 -2 3197 -2 1563 2370 2964 2109 4412 4412 2117 2156 2156 2094 2094 3691 4240 4240 1469 1397 1984 3513 1930 3110 3110 3705 3705 3329 876 876 2071 3926 1026 4386 4386 1121 1121 -2
900 2800 -2 1029 175 4233 4233 3908 636 1960 3904 464 464 239 2772 3853 2299 867 2956 1210 1210 2305 2475 -2 1155 2622 1285 4302 1788 -2 2705 2705 4576 4576 40 40 646 -2 1972 -2 4202 4202 2833 21 351 1044 1711 4374 1672 2640 2640 2029 1649 1649 2239 2239 -2 3843 3843 1112 245 -2 3915 3915 3197 1304 1304 1332 -2 1056 1056 1242 2117 -2 3753 456 456 3691 1767 1767 1469 1397 1621 3513 1930 2088 2088 1429 386 3329 380 1303 1303 -2 1026 531 2290 -2 2123 2123
900 1347 1713 1029 175 1291 1291 3908 4555 1296 3904 -2 669 4124 2772 3853 2299 1187 2956 4063 4063 -2 487 2045 2421 4500 1285 4302 1788 1813 1813 2601 1717 1717 -2 1207 2046 2046 1972 2294 2294 3573 3573 -2 629 629 1711 4374 1672 3983 -2 2029 4229 4229 -2 4174 4174 3221 3221 2321 777 4407 4407 3069 980 3793 3793 1332 1602 3252 -2 1242 -2 1902 3753 -2 1764 1764 3548 3548 -2 435 1621 3385 1629 961 961 1429 386 -2 380 4416 966 1670 1670 531 2290 3335 1755 1755
840 1347 1713 3798 3798 3135 4560 4560 4555 1296 1808 1808 669 4124 4122 4122 -2 1187 -2 1454 1454 4159 487 2045 2421 4500 4420 4420 1667 1667 -2 2601 4220 1418 1418 1207 3816 3816 3055 3055 4105 4105 778 778 3892 3892 -2 4319 4319 3983 76 4577 4577 4342 2242 4176 4176 3910 -2 2321 777 558 558 3069 980 619 3467 3467 1602 3252 581 4510 1063 1902 4027 1542 1542 -2 3096 3096 657 435 1697 3385 1629 -2 1506 3633 1867 1867 1301 4416 966 1021 1021 3609 3609 3335 1439 1277
840 4397 4397 2130 4126 3135 304 304 2509 2509 1269 849 3761 341 -2 1975 1975 -2 2749 2749 1244 4159 379 379 -2 891 891 1118 1118 -2 1472 1472 4220 3514 3514 -2 4448 4448 4575 4575 1349 1349 -2 982 982 -2 1870 4362 3834 -2 76 3896 1287 4342 2242 1748 1748 3910 3826 3826 4551 2185 -2 285 285 619 -2 2080 2080 1174 581 4510 1063 -2 4027 3596 3325 4306 986 211 657 -2 1697 -2 2049 2049 1506 3633 2742 2742 1301 1141 1702 -2 2275 1787 1787 1388 1439 1277
2739 2739 1628 2130 4126 537 -2 2589 2589 2463 1269 849 3761 341 3438 -2 3815 3815 3714 3714 1244 85 85 4413 1179 1179 301 -2 1979 1979 -2 340 -2 1377 1377 3139 3139 2352 2977 1208 2581 298 298 4377 -2 3443 1870 4362 3834 2001 2001 3896 1287 -2 1217 1217 3405 3405 3582 1856 4551 2185 4513 4513 2313 3452 204 204 -2 1174 -2 1373 -2 538 538 3596 3325 4306 986 211 1229 1229 2528 2528 390 3199 3199 -2 1572 1572 -2 1141 1702 1024 2275 2041 2041 1388 3424 3424
2701 2701 1628 2434 2434 537 382 221 2361 2463 2304 565 3271 3760 3438 4353 4353 4125 4125 4405 4405 1368 1368 4413 2693 1473 301 1584 1584 3561 3561 340 1886 901 901 -2 3088 2352 2977 1208 2581 1552 2638 4377 4258 3443 -2 1547 2830 3829 3829 1219 1219 2416 2416 -2 1871 1871 3582 1856 1327 -2 3474 3474 2313 3452 1968 171 171 885 885 1373 2728 2728 3529 3529 3012 353 1474 1474 2839 2839 2062 2062 390 490 3817 3430 856 -2 3992 3992 3318 1024 1545 1545 -2 1851 1851 -2
3251 3895 1720 1798 3503 3503 382 221 2361 2405 2304 565 3271 3760 3780 3780 4070 4070 1742 1742 4237 235 235 3149 2693 1473 -2 4330 -2 355 355 -2 1886 4536 4536 1814 3088 1417 1417 2220 2220 1552 2638 -2 4258 2337 2337 1547 2830 4269 4269 2726 2726 2685 -2 3856 3856 45 45 1314 1327 1338 1338 2159 3223 3223 1968 970 970 943 943 -2 949 949 1903 -2 3012 353 4006 2017 3475 1441 3549 3549 1043 490 3817 3430 856 3747 3747 3339 3318 2532 4432 4432 1202 2863 -2 3494
3251 3895 1720 1798 3037 3037 2743 2201 2201 2405 3030 3030 2872 2872 892 1078 3018 3018 3711 -2 4237 1407 1075 3149 4422 4422 2474 4330 655 2870 3804 824 824 2594 1182 1814 2909 2909 -2 287 2617 2236 1263 4259 4259 1194 1194 4364 2261 4478 3297 3297 -2 2685 2652 2652 2954 2954 -2 1314 2025 2025 1897 2159 106 4303 2137 2137 2871 -2 1719 1719 1482 1482 1903 408 387 387 4006 2017 3475 1441 854 854 1043 847 4009 4009 3047 3047 845 3339 -2 2532 1487 1487 1202 2863 1052 3494
1434 2803 2803 3457 3457 1297 2743 -2 736 -2 479 479 1946 1946 892 1078 3808 2544 3711 942 -2 1407 1075 119 119 1604 2474 2102 655 2870 3804 2901 2901 2594 1182 3655 3655 524 524 287 2617 2236 1263 652 652 2292 2292 4364 2261 4478 3166 1390 2683 -2 2805 2805 169 169 3713 2720 3361 3361 1897 2819 106 4303 1651 1651 2871 3960 1041 1041 -2 1066 1066 408 744 898 3830 3371 3371 1890 3917 814 -2 847 1840 1840 474 474 845 218 218 4053 4053 256 1448 1448 1052 568
1434 3866 3866 310 29 1297 2936 2936 736 1954 1954 1458 411 411 454 454 3808 2544 1751 942 1842 3083 3083 2916 2916 1604 -2 2102 3211 3211 -2 551 551 118 -2 973 973 2433 2433 279 279 198 2646 2646 1392 2442 -2 1462 1462 2512 3166 1390 2683 677 4283 2488 2455 1559 3713 2720 1428 1428 2335 2819 -2 2223 2223 4061 4061 3960 1920 3873 4036 514 514 2576 744 898 3830 1805 1046 1890 3917 814 436 436 1694 1694 1736 1736 4352 1885 3052 2134 2134 256 -2 2244 2244 568
-2 1765 -2 310 29 465 465 787 787 1926 1926 1458 358 406 473 473 2317 2317 1751 4222 1842 2010 1149 1149 3102 3102 2190 2826 2826 4515 2043 2043 2420 118 3507 2171 2171 2178 -2 22 1522 198 1385 1385 1392 2442 197 2930 -2 2512 1512 3555 -2 677 4283 2488 2455 1559 2054 4487 409 409 2335 153 153 1128 1128 544 800 800 1920 3873 4036 2338 2338 2576 821 1759 2613 1805 1046 1977 305 305 4055 4468 4468 215 215 2794 4352 1885 3052 2862 4310 3500 3500 508 508 2615
3336 1765 3839 1040 1040 -2 664 664 4365 4365 603 603 358 406 3775 3775 -2 2398 2398 4222 3386 2010 1825 1825 -2 535 2190 3599 3599 4515 3652 3652 2420 -2 3507 3998 -2 2178 264 22 1522 1009 1994 1290 1290 -2 197 2930 2212 2212 1512 3555 4354 2492 2492 2533 2533 -2 2054 4487 923 923 3225 3225 3615 345 -2 544 1321 1321 1643 1679 579 -2 1064 1064 821 1759 2613 3719 3719 1977 2268 -2 4055 3171 46 46 -2 2794 3595 2687 2687 2862 4310 3098 3098 3341 3341 2615
3336 -2 3839 4129 4129 2295 2295 928 -2 3189 3189 1104 1564 2902 2902 1922 2056 3433 2981 432 3386 1792 3735 1461 1461 535 716 2385 1647 4267 1065 1065 -2 2435 2435 3998 2840 2840 264 1382 955 1009 1994 3557 3557 3019 -2 2105 2105 4086 1090 1090 4354 809 809 1730 3999 2218 2218 4326 4326 230 230 937 3615 345 812 812 -2 2561 1643 1679 579 1284 1284 442 219 219 2036 2036 4356 4356 2268 3124 3402 3171 3294 3294 3564 3564 3595 -2 3802 4483 4483 4525 4525 278 2631 2631
3208 3208 2707 498 3324 2855 -2 928 2987 2987 772 1104 1564 -2 2349 1922 2056 3433 2981 432 3661 1792 3735 2554 2554 362 716 2385 1647 4267 3282 3282 763 763 -2 2715 2715 1238 1238 1382 955 4071 4071 2737 2737 3019 3281 3281 2859 4086 2817 -2 4260 4260 3367 1730 3999 3486 3486 3226 3226 2906 2906 937 263 -2 3515 3515 2320 2561 634 634 -2 2553 2553 442 1520 1520 1253 1253 2269 2269 -2 3124 3402 3695 3695 4008 3675 2090 303 303 3802 2449 2449 3988 3988 278 366 366
4103 -2 2707 498 3324 2855 262 -2 1235 1138 772 -2 346 346 2349 2861 2861 991 1879 291 3661 2390 2390 2202 -2 362 3359 3359 -2 1692 -2 1537 1537 -2 3619 3619 1521 1674 -2 1165 3326 3326 3893 3893 2028 2028 1286 1286 2859 -2 2817 1328 506 506 3367 1306 1590 1590 2348 2348 4263 62 62 -2 263 1698 1536 1536 2320 775 3634 3634 3274 4398 4398 4502 4502 4199 9 785 -2 2740 3912 4361 4361 3559 -2 4008 3675 2090 3638 3638 1795 1795 253 253 -2 1560 1560 1863
4103 3528 3528 2736 2736 3114 262 2562 1235 1138 1309 1309 1525 1127 1127 3641 -2 991 1879 291 -2 1457 1457 2202 3182 3182 1430 95 95 1692 271 271 534 534 4226 4226 1521 1674 2966 1165 -2 3285 1376 2253 3639 3639 -2 1948 1948 1272 1272 1328 -2 2417 2417 1306 3941 203 203 4289 4263 4389 4389 4313 4313 1698 -2 874 -2 775 483 483 3274 2176 252 252 -2 4199 9 785 2558 2740 3912 3757 -2 3559 2042 2691 2691 4216 4216 2751 1140 3854 3854 3687 3687 3907 3907 1863
4004 2283 4102 4102 2484 3114 -2 2562 3041 4327 3290 588 1525 1657 1657 3641 2096 4160 4018 2560 3727 -2 2547 2547 1173 2898 1430 922 922 2319 1000 2706 3333 3333 3738 3738 3444 3444 2966 4323 4323 3285 1376 2253 3144 3036 3036 3180 3168 3168 2076 4427 4427 3598 571 4431 3941 2472 2472 4289 -2 1811 760 760 1068 4114 4114 874 212 212 513 3394 1758 2176 1712 1712 2577 -2 3123 2453 2558 453 453 3757 3545 3545 2042 -2 2065 99 1910 2751 1140 4485 2437 4130 835 4039 4039 449
4004 2283 1051 1051 2484 -2 3162 3162 3041 4327 3290 588 665 3273 3273 3656 2096 4160 4018 2560 3727 2085 2085 2653 1173 2898 -2 1370 4251 2319 1000 2706 -2 2868 -2 3577 2940 2940 4518 138 138 330 330 -2 3144 2703 2703 3180 282 81 2076 2077 2077 3598 571 4431 -2 2396 2396 43 43 1811 3942 3942 1068 1754 1916 3218 3218 -2 513 3394 1758 1365 2951 2951 2577 1446 3123 2453 1289 1289 3157 2711 2363 2363 24 24 2065 99 1910 780 4190 4485 2437 4130 835 701 701 449
907 3875 694 3922 3922 667 667 3469 3469 2957 2765 3470 665 4298 4298 3656 -2 2955 4366 4366 3165 3165 -2 2653 3790 3987 231 1370 4251 3842 953 1774 1774 2868 116 3577 3483 3483 4518 3013 649 2422 2422 1704 3720 3663 3198 3198 282 81 587 587 1114 1114 378 378 1162 1162 3236 1878 1878 4244 4244 200 200 1754 1916 -2 4043 4043 3071 1608 1608 1365 1039 1039 2667 1446 2662 2662 336 1728 3157 2711 1636 1636 2494 4322 4322 3216 3216 780 4190 1718 1718 2445 1753 2108 422 422
907 3875 694 -2 1529 1529 1282 1282 414 2957 2765 3470 1986 2401 2401 4188 4188 2955 500 500 1846 1846 2792 2792 3790 3987 231 1929 2310 3842 953 -2 3857 3857 116 4141 4141 3670 3670 3013 649 3369 -2 1704 3720 3663 820 1963 1963 4037 4037 114 457 457 543 2905 532 532 3236 3993 3993 2639 1099 4482 -2 1985 1985 2697 4219 4219 3071 650 650 4517 2432 2432 2667 1576 1576 3243 336 1728 -2 518 3756 3756 2494 2733 4486 4486 -2 173 1134 1134 -2 2445 1753 2108 1274 1274
-2 733 733 2978 2978 1827 1827 -2 414 3621 3621 2000 1986 2738 2700 2700 1198 1198 2935 2935 -2 2014 3061 3061 3533 3533 2154 1929 2310 769 769 872 3650 2543 2543 2786 1440 1440 -2 1740 3455 3369 3298 3298 3108 1320 820 1997 2694 2694 -2 114 2858 2858 543 2905 3902 4161 2530 3520 3520 2639 1099 4482 4455 4455 1203 2697 909 896 4278 4278 1226 4517 3154 196 3666 207 -2 3243 3087 1460 3627 518 796 3442 3442 2733 1527 1527 4057 173 1548 1548 2407 871 871 4013 4013 -2
706 706 3508 88 88 2585 2585 3574 3574 1171 1171 2000 -2 2738 4292 2331 2331 916 916 1058 1058 2014 4564 4564 1500 857 2154 2842 2842 -2 4166 872 3650 2924 2924 2786 2487 2487 3092 1740 3455 208 -2 2162 3108 1320 -2 1997 3766 3766 2446 -2 3246 3246 3026 3026 3902 4161 2530 2975 2975 3737 598 2534 2586 2586 1203 -2 909 896 547 547 1226 1105 3154 196 3666 207 2990 2990 3087 1460 3627 3465 796 666 1097 1097 -2 1585 4057 -2 1715 1715 2407 1214 1214 4012 4012 2307
4274 -2 3508 339 339 3567 3567 1781 -2 1447 1447 2895 2895 -2 4292 1838 1838 -2 975 975 3448 3448 2827 2827 1500 857 -2 559 -2 957 4166 -2 2034 1530 1530 3084 3084 4221 3092 3497 3497 208 2249 2162 1270 515 515 1233 3039 3039 2446 3859 3859 1153 1153 2603 1819 1819 740 740 1088 3737 598 2534 243 1445 -2 3076 3076 4419 4419 3053 3053 1105 4154 3565 3565 -2 3095 3095 2684 -2 1004 3465 -2 666 -2 2649 2649 1585 1927 1927 1613 1053 1053 2048 -2 2461 2461 2307
4274 988 988 1836 103 -2 2267 1781 2136 2136 3684 2917 2917 115 115 2214 149 149 -2 3450 3181 3181 2654 2874 -2 3489 3489 559 1911 957 2447 2447 2034 3921 3921 2093 -2 4221 2625 2625 3192 3192 2249 2391 1270 4035 4035 1233 4194 4194 3579 615 615 2933 3015 2603 1109 1109 1150 4082 1088 -2 3020 3020 243 1445 3709 3709 -2 4543 1087 866 517 517 4154 2994 3266 3266 307 307 2684 228 1004 2873 2873 679 3578 2163 2163 -2 2583 3276 1613 3184 4544 2048 681 681 73 -2
4261 4261 -2 1836 103 3073 2267 71 71 -2 3684 4231 4231 2300 2300 2214 -2 2373 2373 3450 3091 3091 2654 2874 644 397 4464 4464 1911 3253 -2 3244 3244 4146 1737 2093 819 819 1725 1725 -2 813 813 2391 -2 1192 1192 176 1762 1762 3579 -2 3484 2933 3015 1050 1050 2503 1150 4082 -2 3637 3637 1414 4000 4000 1978 884 884 4543 1087 866 183 183 -2 2994 -2 3681 3681 -2 2415 228 3974 661 661 679 3578 -2 2655 2655 2583 3276 3097 3184 4544 57 3624 3624 73 4113
4392 4392 373 373 1626 3073 -2 3997 3997 4212 4212 2498 3629 3629 3580 -2 232 232 1122 3734 3734 357 357 -2 644 397 -2 1331 2797 3253 1786 1786 -2 4146 1737 4241 2495 2495 2899 3984 3984 389 3006 3940 3940 3547 614 176 3479 3479 4293 4293 3484 2443 3977 3659 -2 2503 3850 2718 2718 3388 503 1414 4189 4189 1978 948 948 2983 248 248 -2 765 765 3000 3000 1212 1896 1896 2415 -2 3974 1880 1880 375 1817 2965 2965 2081 2204 4025 3097 3234 3234 57 316 1042 1042 4113
3138 159 2627 4223 1626 1733 2620 3010 -2 757 757 2498 236 236 3580 698 3280 -2 1122 -2 1070 1070 -2 2867 2867 2164 2164 1331 2797 -2 2030 1784 1784 2945 -2 4241 1793 3024 2899 4143 4143 389 3006 1223 -2 3547 614 3729 3729 3302 3302 1030 1030 2443 3977 3659 1037 1037 3850 1302 1302 3388 503 2519 2519 1124 647 2973 -2 2983 -2 897 897 2374 2374 3994 -2 1212 -2 288 288 2426 -2 3683 3683 375 1817 2735 2735 2081 2204 4025 4136 4136 2206 2206 316 660 660 3278
3138 159 2627 4223 -2 1733 2620 3010 3530 1554 -2 1047 1047 1673 -2 698 3280 1861 3667 2345 4325 4325 3436 -2 3879 3879 3566 3566 1872 1872 2030 2762 3909 2945 2656 2656 1793 3024 4521 1848 1848 -2 4491 1223 1683 1683 -2 3100 3100 -2 4255 4255 4495 1391 1642 4519 4169 -2 714 714 1904 1904 2972 3644 3644 1124 647 2973 1561 1561 2272 2272 2502 2502 4321 3994 3152 499 499 4256 4256 2426 3031 3031 2168 2168 3473 3473 -2 2787 2787 -2 3481 3481 296 296 -2 1699 1699 3278
1607 1607 4443 4443 146 2074 2074 3119 3530 1554 745 2699 2699 1673 1110 585 585 1861 3667 2345 -2 3190 3436 1668 -2 1634 1634 2423 2423 3535 3535 2762 3909 2837 2837 1656 3971 3971 4521 434 4264 4264 4491 4099 4099 3880 3880 3462 3462 2020 2020 3349 4495 1391 1642 4519 4169 3103 3103 2165 2165 -2 2972 1305 1305 -2 2197 2197 3680 3538 1837 1837 2545 2545 4321 789 3152 -2 3905 3905 4454 -2 843 843 3213 -2 399 399 2124 662 662 4411 4411 226 3400 3400 3322 3322 249 249
1505 1071 1071 -2 146 4516 4516 3119 3495 3495 745 2323 2323 -2 1110 -2 981 981 4504 4504 3396 3190 233 1668 4123 4123 2418 1661 3300 3300 1750 1750 -2 1117 1117 1656 3911 4087 2143 434 209 2744 2744 1701 2569 4106 222 222 2931 2931 4117 3349 2756 2756 567 567 3309 3309 -2 3122 1313 1313 2466 2813 2813 1924 1924 2698 3680 3538 4022 1221 605 605 1665 789 3553 3553 3516 623 4454 4246 4246 308 3213 1268 3040 3040 2124 152 152 3772 3772 226 899 899 3376 3128 3128 -2
1505 2216 2216 3140 3140 2908 3765 3765 2235 2235 1599 3070 3070 440 440 641 641 536 536 3389 3396 -2 233 -2 92 92 2418 1661 2404 2404 3038 3038 3451 3451 1773 1773 3911 4087 2143 -2 209 3042 3042 1701 2569 4106 2595 4344 4344 4291 4117 -2 1057 1057 -2 463 1082 4426 4426 3122 4358 4358 2466 4406 4275 1620 1620 2698 4181 4181 4022 1221 3415 2810 1665 -2 2602 715 3516 623 583 323 323 308 -2 1268 -2 610 610 2734 -2 3716 3716 4157 4157 -2 3376 4348 4348 3509
-2 2971 2971 1493 3623 2908 113 113 1532 1532 1599 -2 2848 293 1168 3079 3079 2386 -2 3389 -2 11 4507 4507 1806 3778 1609 1335 1085 1364 572 3944 3944 2764 2764 3093 -2 2180 2180 2643 -2 1738 4294 -2 2173 2173 2595 1152 1152 4291 3996 3996 4380 4380 2904 463 1082 4523 4523 450 450 573 573 4406 4275 1800 1800 1761 3447 3447 4549 4549 3415 2810 4209 448 2602 715 3886 2979 583 4347 4347 976 976 1581 529 1383 1383 2734 1034 1034 3412 3412 3471 3471 1367 3112 -2 3509
841 2237 2237 1493 3623 3249 3249 4198 4198 4540 2328 2328 2848 293 1168 4547 3067 2386 3844 1569 1569 11 3522 3522 1806 3778 1609 1335 1085 1364 572 3320 3320 1700 3563 3093 3603 124 2121 2643 2141 1738 4294 2139 2139 1900 1900 1887 1887 94 98 98 3769 3769 2904 1801 1801 4561 4561 3700 3700 3111 -2 3708 3708 3317 -2 1761 3967 3967 178 2507 2157 -2 4209 448 3745 3745 3886 2979 4140 4140 932 932 -2 1581 529 3662 3662 1864 3945 3945 3797 1824 2696 2696 1367 3112 759 1959
841 -2 2757 2757 455 3581 2761 2876 2876 4540 61 497 497 4137 3321 4547 3067 1255 3844 3640 3640 4477 4477 4287 4287 1035 1035 1655 2301 2091 2091 1551 -2 1700 3563 3392 3603 124 2121 3679 2141 -2 940 940 3146 3146 -2 84 84 94 -2 3976 3686 3217 3217 3527 3693 3693 1852 1852 -2 3111 3277 3277 -2 3317 484 484 1953 1953 178 2507 2157 1463 -2 3584 3584 855 710 526 526 4299 3220 576 3077 3077 4238 3821 3821 1864 -2 3001 3797 1824 754 754 -2 523 759 1959
-2 1308 2084 557 455 3581 2761 925 925 913 61 1218 1218 4137 3321 1481 4509 1255 1653 1653 3840 3840 918 3877 391 391 -2 1655 2301 3677 3677 1551 30 2968 2968 3392 -2 4156 4156 3679 2621 2621 4563 4563 3913 3913 3835 2246 2246 3975 3975 3976 3686 1288 4501 3527 125 2753 2753 213 213 3406 3406 979 979 1855 -2 1619 2402 2779 3005 3021 3021 1463 3028 68 324 855 710 4187 1028 4299 3220 576 4324 4324 4238 3674 3674 -2 3306 3001 2355 3689 3931 2183 2183 523 360 360
2138 1308 2084 557 3408 3408 35 1095 1095 913 -2 1402 1402 676 676 1481 4509 2118 2886 2479 2222 3378 918 3877 2959 2959 3078 3078 4203 4203 2367 2367 30 -2 1012 2958 2958 -2 738 738 3200 1696 728 33 33 3704 3835 721 -2 478 478 3331 2950 1288 4501 -2 125 2789 2789 3883 3759 3239 3239 3188 3188 1855 430 1619 2402 2779 3005 935 935 -2 3028 68 324 2271 -2 4187 1028 168 168 2866 712 712 791 791 4239 4239 3306 635 2355 3689 3931 2644 -2 3094 2221 -2
2138 97 97 833 833 -2 35 3937 4442 2469 1815 1815 1310 1884 4490 4490 -2 2118 2886 2479 2222 3378 851 851 2326 2326 1107 1107 280 280 2427 2427 1980 1980 1012 4279 4279 1336 3669 3669 3200 1696 728 3777 3777 3704 -2 721 704 704 69 3331 2950 3918 3918 1829 1829 816 816 3883 3759 20 20 51 51 -2 430 1716 805 805 3229 3229 -2 3658 3658 3399 4553 2271 4206 4206 -2 4393 4393 2866 -2 1724 1724 -2 1358 1358 -2 635 1982 3613 1423 2644 433 3094 2221 2996
90 90 -2 417 417 762 762 3937 4442 2469 4178 4178 1310 1884 275 275 2882 2882 2362 3848 3464 3464 3413 3413 -2 1260 1260 364 2511 570 570 2854 2854 -2 2880 2880 3250 1336 2690 2844 1893 3074 2303 214 214 3136 3136 1300 4520 1160 69 -2 3625 3625 1036 1211 1211 1917 1917 2476 1266 1266 1951 578 -2 1258 1258 1716 3075 2470 2470 1847 1847 2804 2804 3399 4553 798 798 2379 2379 1348 1348 594 594 2059 -2 2614 2614 1294 3499 -2 1982 3613 1423 2227 433 -2 1573 2996
1983 3340 3340 1384 1384 1307 4167 385 385 -2 1180 1180 1049 1049 995 995 3187 3187 2362 3848 2923 663 4257 4257 3646 2378 2378 364 2511 2852 2852 1412 3373 3373 3332 -2 3250 1262 2690 2844 1893 3074 2303 -2 4394 4394 1136 1300 4520 1160 3803 4163 577 -2 1036 1408 1408 3794 3794 2476 3283 3258 1951 578 1084 1084 3562 -2 3075 1164 1164 1796 -2 2980 2980 869 3730 3730 1844 1844 2364 2364 -2 2566 4204 2059 1988 1988 -2 1294 3499 4023 4023 141 -2 2227 -2 974 1573 -2
1983 -2 1196 1324 617 1307 4167 4566 4566 2834 2834 -2 1908 4091 2336 2754 3056 3056 4395 4395 2923 663 2500 2500 3646 1615 1615 4144 -2 2910 -2 1412 2587 2587 3332 2329 -2 1262 1484 -2 739 739 -2 1116 1116 -2 1136 -2 2763 -2 3803 4163 577 2832 3938 3938 2806 2806 3050 3050 3283 3258 1957 1957 1962 462 3562 1834 1834 -2 2592 1796 1467 1467 -2 869 -2 2505 2505 4546 4546 4172 1410 2566 4204 144 144 2896 2896 3685 3685 2296 2296 141 1329 1912 1912 974 -2 1952
1546 3113 1196 1324 617 599 4570 3227 1135 1135 540 540 1908 4091 2336 2754 1311 4266 4266 1048 2419 4535 4535 4282 4445 4329 4496 4144 2991 2910 1684 1684 -2 2233 2233 2329 699 2155 1484 3958 4192 4192 3233 3233 -2 283 2082 2082 2763 2129 2129 1958 4011 2832 60 1271 1008 1008 4436 4436 3193 3193 -2 3118 1962 462 2270 2270 451 451 2592 2359 4309 4309 2215 2215 3237 3237 3795 3795 541 4172 1410 -2 3082 2312 2312 1875 -2 3158 4505 4505 1464 3422 1329 -2 1326 2486 3903 1952
1546 3113 4492 4537 -2 599 4570 3227 1415 1415 1780 2489 2489 306 4437 93 1311 1771 868 1048 2419 2005 2005 4282 4445 4329 4496 267 2991 1491 1491 631 756 2777 2777 -2 699 2155 -2 3958 -2 3739 3739 2520 2520 283 906 906 895 895 4572 1958 4011 -2 60 1271 2182 2308 2308 -2 1405 1405 1215 3118 2884 1518 1518 3257 2969 2969 -2 2359 1032 516 516 591 591 -2 4424 4424 541 1859 1459 1459 3082 1250 1250 1875 3589 3158 882 882 1464 3422 2766 2766 1326 2486 3903 4003
903 903 4492 4537 2513 4340 2297 2297 -2 2380 1780 2346 2346 306 4437 93 -2 1771 868 2011 2011 2213 2213 2758 27 2099 2099 267 2628 1874 -2 631 756 2248 2248 67 67 3163 3163 801 801 -2 758 758 10 10 709 709 2596 2596 4572 4452 2993 2284 2284 2369 2182 3397 3397 2490 2490 1600 1215 -2 2884 3957 3957 3257 3751 2414 3466 3466 1032 1216 4449 834 834 936 3885 3906 3906 1859 3901 3901 4290 2219 1862 2410 3589 -2 920 920 2146 2146 1757 1757 -2 2287 2287 4003
388 388 2523 2523 2513 4340 461 3764 3764 2380 4434 2193 2193 742 742 -2 597 597 4147 2440 2440 4111 4111 2758 27 -2 3869 3869 2628 1874 1595 3296 3296 -2 405 405 75 75 2024 2024 -2 3057 3057 1995 1995 3375 3800 284 284 3016 3016 4452 2993 2357 2357 2369 177 177 2079 -2 1409 1600 4104 4104 2624 2624 -2 1077 3751 2414 4532 1345 1345 1216 4449 2618 1466 936 3885 42 1232 1232 2095 2095 4290 2219 1862 2410 -2 3749 3338 1007 1007 -2 4197 -2 2903 2903 2590 2591
-2 1005 1005 -2 2439 2439 461 -2 4401 1444 4434 1404 -2 2425 2425 2822 2822 1509 4147 -2 2438 2438 675 675 381 3779 3779 157 1570 3814 1595 2263 2263 3968 3968 3044 3044 4318 4318 1142 1142 2551 2551 1961 2988 3375 3800 -2 3776 3776 2831 2831 1868 1025 1025 3916 2897 2897 2079 4170 1409 -2 2891 2891 -2 260 260 1077 1113 1113 4532 2579 2579 2501 2501 2618 1466 4265 978 42 4355 1860 1860 -2 2228 2228 4021 3456 2946 3749 3338 3788 3788 3308 4197 2376 4295 -2 2590 2591
2881 2881 2406 2406 -2 1797 1797 2087 4401 1444 -2 1404 4417 424 424 1120 1120 1509 3694 4139 4139 607 607 -2 381 1883 1881 157 1570 3814 -2 2203 2203 2181 2181 4403 3059 3059 1909 1909 -2 3345 3345 1961 2988 2517 2517 2907 1714 -2 3715 3715 1868 1671 17 3916 3698 3698 -2 4170 2158 2158 190 3196 3196 352 352 1319 3897 3897 3924 2746 1163 1163 -2 2998 4078 4265 978 4245 4355 910 910 1949 -2 3365 4021 3456 2946 2680 2680 1435 1435 3308 4512 2376 4295 3572 3572 1637
4447 613 613 3381 2179 2510 2510 2087 2563 2563 1045 1325 4417 2038 2038 3240 934 934 3694 1516 2298 2298 -2 1400 1400 1883 1881 3275 165 266 266 -2 83 4469 4094 4403 1877 1877 -2 1899 1899 488 4312 4201 2132 3066 3066 2907 1714 4376 2217 2217 1193 1671 17 2089 2755 612 3241 3241 1093 1093 190 -2 810 810 -2 1319 563 563 3924 2746 -2 1395 1395 2998 4078 -2 552 4245 -2 4284 -2 1949 3648 3365 4038 4038 3536 3536 569 569 1582 3828 4512 1419 1419 793 793 1637
4447 13 4196 3381 2179 2668 2668 2963 2963 -2 1045 1325 -2 2673 2673 3240 553 1660 -2 1516 807 689 689 2989 2989 3173 4341 3275 165 -2 170 170 83 4469 4094 1705 1705 1588 78 78 2160 488 4312 4201 2132 -2 2265 2265 1533 4376 2149 147 1193 3327 3269 2089 2755 612 2921 2921 2992 2992 2022 2022 -2 3963 3963 1931 1931 643 4285 4062 338 163 2429 2429 -2 1492 552 2809 2809 4284 3707 3707 3648 595 595 965 965 2679 2679 -2 1582 3828 2888 2888 2400 2400 3186 3186
4029 13 4196 2599 2599 -2 2815 2815 -2 1230 1230 3344 2850 3876 4095 2457 553 1660 505 505 807 674 3350 3350 -2 3173 4341 1189 1189 1361 1828 15 15 1578 1578 4439 224 1588 -2 3219 2160 -2 4343 3717 2548 826 826 -2 1533 4459 2149 147 556 3327 3269 2058 3435 2588 2588 2793 2793 985 -2 2938 2606 2606 -2 4446 4446 643 4285 4062 338 163 3014 3014 1175 1492 -2 3356 3488 3488 1907 193 -2 1449 1449 1710 3202 3160 881 881 4017 2632 2632 4072 4072 317 2702 3543
4029 3383 3383 -2 1981 1981 -2 3301 3301 4331 4331 3344 2850 3876 4095 2457 3726 47 47 952 2890 674 2278 3635 3635 2409 2409 4297 1807 1361 1828 2314 2314 4357 1955 4439 224 2274 2274 3219 2343 2343 4343 3717 2548 3932 3932 2031 2031 4459 3316 3316 556 2478 -2 2058 3435 -2 2506 2506 3172 985 3242 2938 1276 -2 1596 1596 3267 3267 4433 3899 3899 2007 3090 2448 1175 335 335 3356 3981 3981 1907 193 3419 145 145 1710 3202 3160 2184 2184 4017 1768 4441 3622 3622 317 2702 3543
2836 121 2273 2273 191 191 1776 1776 1126 1770 1770 4225 4225 3003 3003 -2 3726 3864 3864 952 2890 1558 2278 2012 1769 1769 -2 4297 1807 39 39 427 427 4357 1955 1756 3602 3602 4402 779 1849 797 4453 4453 3231 3231 -2 2387 -2 1557 1557 110 -2 2478 929 458 912 912 -2 4116 3172 -2 3242 -2 1276 4242 4242 -2 3034 3034 4433 4471 4471 2007 3090 2448 -2 318 -2 1543 1543 3440 3440 941 3419 -2 3612 4164 2999 -2 1170 1170 -2 1768 4441 -2 2550 2550 2546 2546
2836 121 3511 4474 670 670 101 -2 1126 1204 2119 2224 2759 2759 1167 1167 959 521 3183 3183 -2 1558 431 2012 1191 1191 3884 4215 4215 1205 1205 933 1843 1183 1183 1756 1617 1617 4402 779 1849 797 319 319 -2 512 512 2387 4052 4052 2712 110 1420 1420 929 458 1295 261 261 4116 2829 2829 -2 4097 4097 4345 825 4182 700 242 4370 4286 4286 4554 4554 3482 2142 318 292 158 883 188 1992 941 1106 3723 3612 4164 2999 1091 3882 3882 3215 3215 1381 1381 2572 1322 4093 4093
412 412 3511 4474 64 1942 101 1722 1722 1204 2119 2224 -2 2018 4200 4200 959 521 621 621 2452 2452 431 -2 2727 2727 3884 3872 131 4533 1591 933 1843 -2 3167 1184 1184 3286 3286 -2 1966 1966 3265 911 911 1965 3799 3585 3585 3398 2712 -2 1812 1812 803 803 1295 1938 3811 3811 174 2645 2068 3313 4332 4345 825 4182 700 242 4370 1115 1638 4083 3035 3482 2142 2559 292 158 883 188 1992 3065 1106 3723 1181 1809 4085 1091 1894 -2 560 560 2339 2339 2572 1322 3743 1918
999 4020 1228 -2 64 1942 2353 -2 2377 2377 -2 2678 2678 2018 4545 4484 1161 1161 -2 4465 3979 -2 1940 1940 1450 1450 4462 3872 131 4533 1591 -2 369 369 3167 -2 654 654 1102 1102 504 504 3265 2039 2039 1965 3799 4388 4388 3398 3310 3310 1125 1125 -2 1086 -2 1938 2828 2828 174 2645 2068 3313 4332 969 1623 1494 1519 1810 1810 1115 1638 4083 3035 1256 1256 2559 -2 3501 3501 2934 -2 3065 2477 3894 1181 1809 4085 4047 1894 839 4574 4574 827 818 3126 3126 3743 1918
999 4020 1228 2741 3116 3116 2353 1735 2879 -2 2920 2920 4046 4046 4545 4484 3517 2051 2051 4465 3979 2516 476 4109 4109 590 4462 4010 4010 683 724 1956 1956 1831 -2 2889 2889 4511 -2 725 725 -2 234 1339 3374 3374 1839 1839 4450 4450 2650 2650 -2 428 428 1086 2610 2610 3630 3630 167 167 2464 2464 3080 969 1623 1494 1519 348 348 1990 1990 -2 1790 1790 477 486 486 4568 494 2934 136 136 2477 3894 -2 1033 2040 4047 3617 839 755 755 827 818 3833 3833 4232 4232
768 768 48 2741 611 611 -2 1735 2879 1739 489 1020 2525 2144 2144 -2 3517 3703 3703 2126 2126 2516 476 3594 3594 590 -2 3355 3355 683 724 1734 -2 1831 3407 3962 3962 4511 2798 2798 1261 4031 234 1339 3137 993 993 3179 3179 4271 1646 297 344 344 3104 1248 1248 1706 1072 1072 902 850 850 -2 3080 1389 1389 3592 1455 1455 2392 2392 3343 3343 1777 -2 477 4415 2383 4568 494 2128 2260 2260 3590 3590 3831 1033 2040 1156 3617 2713 2713 -2 3404 246 1947 38 38 181
2675 2675 48 2150 2150 994 994 4472 4472 1739 489 1020 2525 -2 749 749 -2 2230 2230 1103 1103 992 992 1766 1766 1854 1854 3370 3370 377 377 1734 865 865 3407 3731 3731 746 746 -2 1261 4031 2382 2382 3137 -2 2953 2953 -2 4271 1646 297 4149 4149 3104 3292 3292 1706 3965 3965 902 195 195 2730 2730 398 398 3592 -2 761 761 963 963 -2 1777 2860 2860 4415 2383 1265 1265 2128 4428 4428 446 446 3831 3519 3519 1156 2795 2795 1061 1061 3404 246 1947 1479 1479 181
24 82
