50 50
-2 148 148 -2 411 411 1097 1097 312 312 463 -2 347 347 905 796 796 237 237 628 628 -2 645 645 1083 1083 911 458 735 735 384 384 -2 318 318 1116 759 122 122 954 935 880 -2 514 514 243 243 340 1024 1024
494 121 -2 586 586 -2 612 609 1126 1126 463 721 721 -2 905 334 76 76 -2 450 429 776 776 870 284 284 911 458 1134 184 1127 207 39 39 858 1116 759 654 654 954 935 880 669 669 352 352 -2 340 604 236
494 121 64 -2 316 316 612 609 936 936 780 780 -2 524 -2 334 -2 441 441 450 429 141 141 870 892 892 631 -2 1134 184 1127 207 67 -2 858 933 933 -2 744 744 381 636 1020 1020 745 745 897 897 604 236
244 -2 64 27 215 457 -2 530 530 943 943 95 95 524 338 583 210 898 898 1030 1030 354 921 921 345 345 631 447 447 1099 1099 950 67 175 175 557 851 851 326 326 381 636 23 23 563 563 296 296 -2 550
244 153 848 27 215 457 999 1132 1132 794 89 466 466 506 338 583 210 739 155 834 834 354 -2 862 475 369 569 569 841 841 -2 950 108 -2 205 557 -2 520 396 247 403 403 915 915 86 446 446 359 359 550
815 153 848 1078 1129 1129 999 1016 1016 794 89 -2 241 506 769 111 111 739 155 180 180 968 968 862 475 369 401 -2 700 700 679 679 108 793 205 -2 706 520 396 247 867 -2 727 727 86 161 718 718 302 302
815 82 82 1078 656 656 996 996 884 884 619 619 241 -2 769 894 894 1142 166 -2 152 152 714 9 9 987 401 722 722 -2 877 877 -2 793 547 547 706 775 123 770 867 922 922 822 707 161 -2 364 364 -2
12 12 109 185 185 1081 1081 -2 421 421 1056 219 -2 218 218 804 804 1142 166 344 1121 10 714 136 136 987 920 -2 147 701 893 749 192 192 831 831 1058 775 123 770 -2 978 96 822 707 263 459 459 889 971
171 171 109 468 468 767 767 150 601 601 1056 219 90 1103 938 938 -2 662 662 344 1121 10 717 717 861 533 920 461 147 701 893 749 1032 1032 63 168 1058 651 651 133 133 978 96 172 -2 263 666 666 889 971
986 986 743 43 -2 1046 1046 150 -2 130 1003 1003 90 1103 637 194 1141 294 602 602 188 188 -2 367 861 533 -2 461 800 -2 878 1088 962 962 63 168 965 965 101 101 313 40 1061 172 561 561 909 909 578 -2
994 956 743 43 1110 1110 807 1034 549 130 988 988 113 113 637 194 1141 294 813 813 -2 566 875 367 -2 1011 1011 -2 800 801 878 1088 713 713 757 757 324 465 716 -2 313 40 1061 957 957 953 953 -2 578 257
994 956 899 -2 249 249 807 1034 549 -2 587 -2 582 582 1044 8 66 66 1019 1019 445 566 875 698 698 808 832 444 444 801 758 758 -2 16 16 -2 324 465 716 225 225 17 17 -2 112 1066 383 383 382 257
688 217 899 671 614 545 119 119 373 373 587 230 230 -2 1044 8 -2 1042 278 278 445 -2 629 1105 22 808 832 1076 1076 1059 1059 7 128 81 81 1038 1038 266 62 62 1031 1031 -2 640 112 1066 438 646 382 -2
688 217 658 671 614 545 -2 164 164 -2 132 873 873 540 540 29 366 1042 539 539 1041 469 629 1105 22 639 -2 1022 1022 -2 1108 7 128 179 -2 271 410 266 959 959 176 176 191 640 554 61 438 646 596 784
427 427 658 -2 308 224 231 527 527 135 132 535 732 732 695 29 366 595 595 982 1041 469 -2 895 895 639 910 910 955 955 1108 368 368 179 605 271 410 -2 493 493 789 789 191 393 554 61 809 242 596 784
1036 414 704 932 308 224 231 673 673 135 -2 535 378 378 695 840 975 871 871 982 167 412 107 839 -2 574 574 332 1040 473 821 821 94 94 605 -2 261 997 997 607 607 492 492 393 120 120 809 242 1101 948
1036 414 704 932 762 762 -2 803 803 675 675 -2 697 697 -2 840 975 611 611 3 167 412 107 839 239 239 -2 332 1040 473 -2 485 116 672 672 845 261 508 508 584 584 203 91 91 398 398 558 558 1101 948
201 201 1063 1063 742 742 907 907 720 720 680 680 564 -2 307 984 431 431 546 3 70 70 -2 678 678 483 483 -2 258 258 1096 485 116 262 262 845 914 914 238 1094 1062 203 1012 1012 729 439 439 1082 1082 510
1054 1054 362 1055 805 235 471 470 928 928 99 99 564 702 307 984 518 170 546 221 221 97 97 -2 610 610 555 555 -2 509 1096 548 -2 38 964 964 -2 725 238 1094 1062 799 799 734 729 25 1049 1049 331 510
260 618 362 1055 805 235 471 470 -2 277 1009 267 267 702 472 472 518 170 1052 1052 661 661 59 1106 1106 174 174 -2 311 509 142 548 756 38 620 620 559 725 387 387 24 24 -2 734 1007 25 214 124 331 -2
260 618 -2 763 830 830 946 946 388 277 1009 502 958 823 823 -2 251 251 1107 1107 1143 1143 59 522 232 232 1072 1072 311 186 142 -2 756 -2 556 -2 559 960 139 417 868 868 575 575 1007 -2 214 124 674 674
291 827 1014 763 -2 1123 1123 1090 388 71 71 502 958 253 588 755 755 432 432 709 709 49 49 522 476 476 797 565 565 186 -2 222 222 896 556 42 42 960 139 417 1139 513 1057 1057 486 486 1135 1135 779 779
291 827 1014 600 600 980 980 1090 245 945 945 448 -2 253 588 782 782 280 517 517 229 1125 -2 537 537 -2 797 590 665 598 657 657 1048 896 292 836 836 626 169 169 1139 513 -2 117 117 454 696 696 1119 14
606 638 462 462 329 329 974 974 245 13 -2 448 690 690 35 934 579 280 357 608 229 1125 970 571 992 647 652 590 665 598 1029 961 1048 -2 292 -2 699 626 83 83 358 358 1114 1114 -2 454 705 705 1119 14
606 638 1124 1124 440 440 -2 297 -2 13 390 390 771 392 35 934 579 655 357 608 913 913 970 571 992 647 652 683 467 467 1029 961 400 400 47 47 699 293 293 712 712 281 370 370 321 321 -2 72 687 687
752 752 125 125 53 852 852 297 523 977 603 603 771 392 32 787 787 655 -2 1080 -2 876 876 363 363 1113 1113 683 591 553 553 341 341 -2 487 54 748 748 616 616 -2 281 28 28 507 254 254 72 33 -2
350 350 711 1131 53 -2 505 685 523 977 -2 377 213 213 32 644 644 80 80 1080 863 781 781 552 -2 289 289 -2 591 342 1067 1067 883 883 487 54 325 325 768 768 299 299 126 126 507 343 343 -2 33 538
131 199 711 1131 972 972 505 685 15 15 924 377 682 682 405 594 594 929 929 -2 863 504 504 552 766 766 137 137 -2 342 952 952 -2 315 310 310 738 738 1073 407 435 435 30 786 786 434 442 442 -2 538
131 199 -2 65 420 375 375 1002 428 428 924 479 479 204 405 -2 140 724 -2 519 519 624 624 223 223 385 385 998 144 536 -2 424 424 315 -2 160 160 -2 1073 407 129 129 30 -2 503 434 625 888 773 689
138 77 667 65 420 5 5 1002 791 791 464 75 -2 204 593 593 140 724 686 686 694 351 351 733 303 303 623 998 144 536 115 708 36 816 198 1140 1140 372 372 -2 376 195 46 46 503 -2 625 888 773 689
138 77 667 983 983 409 551 92 92 356 464 75 58 58 181 1122 1122 193 622 622 694 668 668 733 6 6 623 670 529 60 115 708 36 816 198 842 386 386 630 630 376 195 853 853 684 684 -2 528 415 415
227 227 1130 881 93 409 551 389 389 356 1137 1137 265 -2 181 778 521 193 187 187 -2 649 649 1033 -2 534 534 670 529 60 1064 1064 1021 304 374 842 901 901 41 41 1128 19 19 728 18 317 317 528 498 498
942 942 1130 881 93 -2 531 1079 499 1084 817 887 265 562 562 778 521 835 835 395 395 391 391 1033 106 874 874 460 460 795 1109 1109 1021 304 374 692 692 790 790 -2 1128 355 -2 728 18 79 202 211 512 512
-2 865 865 -2 891 891 531 1079 499 1084 817 887 100 648 648 995 864 741 741 110 110 21 21 -2 106 273 859 681 681 795 826 990 990 886 1025 1025 1086 489 489 577 577 355 944 820 726 79 202 211 272 56
515 515 -2 11 11 -2 1085 443 -2 158 361 162 100 259 259 995 864 52 52 1087 1087 279 279 145 145 273 859 500 613 246 826 653 653 886 -2 4 1086 560 560 -2 1001 1001 944 820 726 979 979 -2 272 56
1120 1070 497 -2 453 453 1085 443 252 158 361 162 425 455 298 286 1077 1077 480 516 516 919 104 104 511 941 941 500 613 246 -2 495 -2 45 45 4 149 305 -2 240 282 282 118 643 753 73 416 416 57 57
1120 1070 497 904 617 617 481 481 252 1098 1098 663 425 455 298 286 -2 69 480 1138 1138 919 1133 772 511 -2 206 -2 542 542 597 495 20 -2 380 380 149 305 1023 240 882 -2 118 643 753 73 903 866 866 856
902 902 84 904 78 642 642 1018 -2 422 -2 663 1060 1060 314 314 541 69 -2 1071 828 828 1133 772 408 490 206 418 418 -2 597 634 20 825 134 134 824 824 1023 -2 882 1068 747 747 833 833 903 1065 1065 856
572 182 84 1053 78 105 105 1018 526 422 837 212 212 570 570 220 541 843 843 1071 1000 847 1115 -2 408 490 627 580 -2 177 177 634 973 825 925 44 44 -2 633 309 309 1068 543 872 872 1111 250 74 765 394
572 182 854 1053 -2 785 785 306 526 -2 837 798 798 730 976 220 -2 1112 1112 1015 1000 847 1115 589 589 1005 627 580 248 777 777 -2 973 288 925 -2 885 885 633 967 967 216 543 1074 1074 1111 250 74 765 394
103 484 854 -2 -1 544 544 306 348 301 301 811 811 730 976 576 146 146 143 1015 -2 731 731 423 423 1005 488 -2 248 568 568 456 456 288 319 319 255 255 209 209 676 216 -2 1004 1004 335 335 723 723 -2
103 484 923 449 449 -2 183 183 348 156 1008 50 -2 87 87 576 275 275 143 -2 2 2 981 981 234 234 488 783 927 927 371 0 0 433 433 592 51 51 1017 1017 676 -2 413 413 228 451 926 98 703 703
1117 1117 923 -2 474 810 810 650 650 156 1008 50 719 719 -2 402 691 404 404 1 1 -2 966 632 632 900 900 783 1093 1093 371 1092 989 989 567 592 330 1100 501 1010 55 55 1136 226 228 451 926 98 951 -2
846 846 659 659 474 -2 969 430 641 641 365 365 937 660 127 402 691 -2 268 426 774 774 966 1047 1047 333 333 437 437 300 300 1092 200 26 567 -2 330 1100 501 1010 336 930 1136 226 233 1050 208 754 951 869
285 397 1013 1013 1045 1045 969 430 -2 328 1075 -2 937 660 127 906 710 838 268 426 178 -2 264 256 256 379 379 806 806 496 939 664 200 26 736 1027 1027 985 940 1037 336 930 750 750 233 1050 208 754 274 869
285 397 -2 287 814 814 1104 114 114 328 1075 993 151 88 88 906 710 838 819 270 178 1051 264 -2 283 197 159 159 353 496 939 664 912 912 736 339 693 985 940 1037 812 -2 991 991 -2 346 346 452 274 1089
190 792 792 287 1006 1006 1104 916 916 818 818 993 151 849 491 746 525 677 819 270 37 1051 269 269 283 197 1118 1118 353 788 788 1039 1039 436 436 339 693 857 908 482 812 1028 1028 327 327 1035 879 452 -2 1089
190 34 829 -2 860 102 102 621 173 173 1091 323 323 849 491 746 525 677 918 918 37 931 931 68 -2 478 163 163 764 764 581 581 -2 751 751 31 31 857 908 482 -2 635 740 740 -2 1035 879 585 585 615
-2 34 829 573 860 157 157 621 1069 1069 1091 -2 855 855 48 1026 1026 1102 1043 154 154 322 322 68 189 478 419 419 844 844 477 477 949 949 1095 1095 917 532 760 360 947 635 349 349 290 406 406 890 890 615
850 850 -2 573 196 196 -2 399 399 -2 337 337 276 276 48 85 85 1102 1043 -2 715 715 737 737 189 761 761 -2 295 295 -2 599 599 165 165 -2 917 532 760 360 947 963 963 -2 290 802 802 320 320 -2
44 1
