50 50 0
998 162 297 224 137 491 321 377 447 14 20 918 351 124 915 36 368 426 736 36 318 51 190 94 671 208 141 610 656 627 397 806 653 112 835 613 963 564 966 848 481 714 604 0 308 515 293 769 -1 26
842 748 268 906 820 67 985 865 600 574 666 959 773 649 87 959 71 386 150 59 6 416 886 397 410 130 33 33 485 188 739 806 201 497 837 457 287 134 547 869 406 628 403 745 613 343 226 100 -1 171
300 488 221 848 648 872 557 373 739 627 22 377 966 835 663 200 658 182 657 743 26 581 964 137 940 839 499 82 232 716 804 20 355 442 40 831 598 150 937 107 115 111 942 956 890 791 143 797 -1 485
910 795 707 524 210 724 155 695 319 725 267 697 992 460 403 986 42 0 343 671 15 262 519 86 497 542 463 656 486 521 441 404 606 600 410 1000 915 365 333 935 486 355 253 79 960 244 749 192 -1 338
395 895 151 537 695 859 687 710 943 699 742 124 537 952 969 58 704 754 92 771 581 519 282 554 949 335 794 487 626 373 379 623 985 199 951 108 739 131 453 945 977 650 948 280 668 818 337 136 -1 335
196 974 309 581 424 849 805 976 36 758 786 444 164 914 397 853 338 839 368 730 851 776 477 220 729 25 275 673 664 819 446 78 719 14 816 585 49 941 840 312 426 329 213 171 512 209 723 123 -1 605
245 407 137 282 376 771 292 855 904 580 923 853 591 993 997 918 71 25 953 655 335 309 555 596 553 267 114 168 718 457 267 255 676 12 414 641 176 84 704 278 953 344 527 186 365 630 970 568 -1 46
462 201 910 879 416 868 88 326 201 61 540 726 650 666 99 791 243 284 913 633 35 675 612 615 72 586 272 779 389 578 314 137 142 922 290 440 474 743 964 914 783 359 618 129 296 716 648 334 -1 402
370 368 31 758 822 51 56 482 941 440 975 39 346 343 411 481 624 939 719 789 67 240 379 206 710 974 888 346 571 972 899 212 315 413 737 171 656 522 619 209 421 768 383 277 731 917 735 190 -1 595
966 506 57 168 2 661 484 588 172 279 216 205 183 686 496 949 318 692 72 455 507 618 933 895 198 672 296 238 632 533 765 365 459 465 460 764 325 986 258 781 827 285 866 865 277 584 773 923 -1 679
251 590 575 835 303 367 401 821 228 487 472 772 849 196 342 630 683 821 891 933 654 230 403 157 63 606 361 500 688 196 581 510 208 267 672 662 226 965 342 846 861 691 758 559 77 876 699 315 -1 165
613 180 871 223 236 762 718 938 429 968 132 106 639 648 843 203 41 748 967 855 742 263 721 240 765 424 269 739 853 742 679 32 534 215 570 900 454 586 497 881 665 40 285 12 572 870 719 542 -1 505
131 716 618 340 373 430 476 457 861 20 290 158 391 55 204 556 659 890 956 229 363 284 833 165 330 142 170 650 200 983 153 341 82 481 802 519 970 251 631 237 429 514 579 313 104 276 992 280 -1 327
53 29 23 364 815 782 727 299 608 246 949 93 431 899 183 796 984 474 877 248 87 259 527 148 278 917 387 40 643 1 374 542 724 723 696 130 149 55 396 510 926 936 198 464 275 740 808 363 -1 695
209 308 413 843 164 410 720 332 19 149 980 160 355 245 287 833 219 33 721 25 762 364 390 509 483 549 4 596 949 386 309 605 974 49 740 736 406 195 873 656 110 99 433 674 999 805 442 299 -1 543
592 192 73 329 929 748 113 33 269 357 34 415 129 577 354 708 829 284 442 636 589 179 758 453 788 837 802 716 573 446 995 41 229 947 625 658 32 703 653 83 12 9 612 382 732 273 929 272 -1 744
686 411 353 601 293 440 470 488 180 65 920 137 79 187 587 5 447 509 554 583 192 299 911 566 216 275 790 668 118 203 480 281 592 507 521 532 673 791 247 322 923 820 607 545 128 925 986 241 -1 198
456 392 764 95 286 804 972 792 833 29 432 818 703 785 749 333 58 546 976 820 226 795 476 512 49 934 865 670 612 322 750 943 699 657 358 398 937 168 621 568 243 528 156 615 986 0 879 166 -1 384
685 46 990 845 331 708 939 305 589 769 31 340 821 671 441 684 212 798 105 857 177 784 136 18 974 17 740 248 103 476 174 47 72 616 126 204 996 999 918 143 204 305 891 569 371 372 786 767 -1 872
952 996 596 974 229 922 308 883 101 412 817 411 171 29 860 229 93 717 107 329 344 690 361 432 793 415 640 482 155 58 178 383 311 5 649 326 433 142 859 574 400 33 665 49 836 87 326 728 -1 463
268 178 101 561 893 973 360 213 538 523 247 875 307 85 710 42 889 786 612 784 82 586 958 193 514 528 625 332 836 34 728 462 973 290 833 125 718 67 845 625 558 577 181 7 414 53 927 934 -1 620
47 948 808 888 133 600 376 277 538 972 209 726 333 4 508 140 400 1000 849 241 614 144 191 929 492 566 718 650 251 379 86 68 234 767 328 708 281 794 832 68 722 923 623 927 163 171 588 718 -1 980
545 48 580 948 935 147 800 649 605 295 426 943 623 500 596 265 275 417 434 111 833 951 442 917 695 78 652 202 727 842 484 626 612 986 165 987 6 523 858 68 333 740 750 168 445 322 717 652 -1 676
809 967 703 246 737 453 187 913 812 678 737 30 297 672 66 477 613 112 391 549 965 830 442 560 49 78 237 41 567 886 836 842 583 648 242 931 88 281 895 603 229 952 217 182 98 169 388 883 -1 570
216 420 655 886 329 881 465 593 74 205 455 500 381 988 177 600 415 817 71 470 291 310 854 654 721 750 318 205 930 843 899 443 583 733 682 48 757 157 221 721 870 654 229 44 685 928 650 330 -1 581
134 281 950 760 361 996 745 139 971 789 910 911 683 482 601 179 977 178 603 199 41 374 779 828 457 217 329 656 697 198 539 936 502 144 910 21 910 723 596 416 99 204 649 888 366 164 345 668 -1 386
226 930 84 917 417 863 75 615 881 192 378 812 115 297 803 482 339 994 113 688 269 759 252 439 697 150 771 602 279 664 217 660 427 78 674 875 594 940 585 942 500 73 371 421 258 739 951 153 -1 566
392 84 632 560 90 394 122 357 558 651 599 477 106 114 610 70 523 91 459 996 754 558 551 850 274 21 894 274 182 706 59 825 382 353 85 942 903 516 819 763 589 919 735 81 727 902 591 576 -1 431
116 300 876 974 673 862 226 260 816 292 861 228 45 284 956 733 737 731 758 446 711 665 317 771 627 701 219 23 834 177 127 731 191 650 52 707 22 260 381 589 929 837 10 753 232 43 710 659 -1 463
651 416 363 983 610 598 81 198 710 792 756 357 801 899 704 937 117 387 435 32 140 289 190 228 1000 761 45 170 53 724 294 662 438 843 446 983 717 420 976 11 210 306 194 761 186 357 990 104 -1 190
76 738 425 682 90 919 863 669 369 932 910 241 667 896 270 603 971 90 64 362 474 85 716 795 513 769 240 568 999 977 166 58 547 53 512 592 917 193 889 411 411 931 912 351 943 627 236 16 -1 734
242 32 528 127 945 627 780 677 641 515 235 194 272 336 453 107 653 861 889 200 47 624 770 903 359 860 985 293 304 82 166 860 780 644 825 84 176 170 382 180 251 350 446 974 836 690 386 800 -1 704
320 747 709 451 972 702 33 105 430 779 77 253 807 553 379 775 390 168 927 673 930 11 242 111 440 114 225 588 842 69 86 308 242 717 621 700 567 285 954 307 158 554 718 797 243 387 911 399 -1 275
688 984 652 360 810 935 775 43 893 540 896 441 134 293 786 419 32 119 320 929 358 748 126 935 374 722 427 961 872 422 300 579 621 533 854 23 59 709 728 567 614 666 32 740 945 854 262 735 -1 202
376 947 206 983 10 453 653 747 663 842 716 676 158 947 111 129 601 906 291 62 381 101 357 997 477 425 464 881 319 337 895 292 923 382 575 162 683 507 437 59 674 242 113 831 546 405 140 768 -1 171
910 777 852 713 17 41 580 250 982 342 280 793 855 641 364 555 364 441 316 237 127 734 359 339 541 999 694 187 388 942 614 989 251 199 453 937 137 664 178 421 207 541 226 982 736 286 632 451 -1 173
180 458 63 440 455 793 556 104 676 2 446 295 989 786 315 909 392 391 470 439 879 798 929 819 206 135 767 785 114 855 531 779 426 331 32 965 987 129 985 453 58 689 32 379 757 771 51 980 -1 50
282 215 386 280 972 285 337 985 349 976 42 792 944 597 578 581 166 981 935 1000 779 976 773 789 247 766 158 186 594 343 836 864 422 605 200 529 58 228 866 498 741 344 174 11 416 477 403 930 -1 313
946 296 645 721 694 37 52 583 617 690 656 365 528 491 241 309 868 982 311 233 426 122 652 786 449 220 72 889 782 773 10 125 36 161 159 546 687 51 337 84 704 961 109 195 279 607 791 367 -1 803
509 608 454 256 126 288 549 775 970 685 79 42 579 840 1000 83 520 45 883 791 69 134 902 525 771 948 59 681 439 1 688 455 851 988 241 216 713 317 955 27 82 258 176 602 67 598 234 237 -1 409
63 654 749 685 535 17 721 846 498 983 381 359 706 945 381 414 616 543 231 527 857 951 281 923 694 602 567 69 468 977 750 923 737 84 961 934 515 267 377 320 798 223 489 499 240 853 888 885 -1 240
94 483 235 844 375 847 269 439 644 898 264 588 321 636 448 238 347 416 381 484 733 727 507 440 143 760 771 574 230 898 968 787 112 1000 182 714 668 883 890 161 185 256 762 536 551 246 921 590 -1 101
485 295 72 792 1000 186 900 2 969 778 956 178 527 627 246 213 973 993 972 803 484 610 670 45 888 232 45 655 704 275 990 896 431 630 629 647 521 326 395 695 588 496 624 351 94 440 652 152 -1 873
826 926 675 357 288 322 166 763 931 343 609 75 412 545 570 995 298 715 481 530 455 989 129 818 52 776 45 678 142 647 877 660 333 115 95 749 499 737 306 642 855 164 375 440 858 136 40 122 -1 882
580 643 665 286 266 109 210 82 181 940 698 352 937 222 860 797 903 271 186 849 105 58 189 795 906 328 869 472 836 6 416 899 959 896 910 150 283 244 907 145 528 351 324 161 577 616 265 136 -1 479
624 526 919 84 495 932 948 216 806 402 608 28 206 714 284 663 514 395 664 515 682 111 576 80 904 543 878 598 685 781 55 410 424 320 266 264 343 931 171 343 293 543 280 634 710 485 217 252 -1 68
905 910 496 802 838 6 206 731 78 29 384 103 240 650 490 454 426 205 171 285 484 685 952 701 928 571 414 489 837 97 106 487 538 429 536 182 77 521 504 307 706 52 515 141 891 305 47 734 -1 980
956 432 995 806 250 491 751 176 137 141 522 310 672 886 378 243 324 826 471 672 174 974 397 554 134 425 300 734 985 648 377 613 626 153 453 249 350 447 484 100 255 870 425 411 33 786 631 486 -1 284
928 623 581 604 394 450 845 282 23 445 552 374 562 111 893 883 208 487 304 420 591 867 812 855 601 891 685 32 650 59 650 232 408 271 316 569 672 38 128 912 745 849 407 386 677 879 331 206 -1 229
920 388 412 389 255 880 154 385 5 485 36 322 501 367 732 81 299 52 489 688 862 998 630 915 917 163 979 604 783 440 785 231 212 720 304 461 284 250 319 208 889 831 89 671 970 404 984 539 -1 117
