399 50
1 458672
1 874841
1 505918
1 264099
1 24271
1 631806
1 636813
1 32472
1 556056
2 505918
2 32472
1 923674
1 452564
2 452564
2 636813
2 923674
2 24271
2 631806
1 572605
1 189265
2 189265
1 538450
1 91593
1 725408
1 665836
2 725408
1 419155
2 91593
1 382921
1 121450
2 264099
2 382921
2 458672
2 419155
2 665836
1 560787
2 538450
1 142666
2 572605
2 556056
1 341085
2 341085
2 142666
1 917051
2 560787
1 661687
2 874841
2 917051
2 121450
1 186609
2 186609


20 10
1 820521
2 820521
1 824151
1 976674
1 315036
2 976674
2 315036
1 104563
1 248192
2 824151

4 10
1 526637
1 825641
1 786965
2 825641
1 898203
1 699161
2 526637
1 730268
2 730268
2 699161


7 11
1 15
1 123123
1 3
1 5
2 123123
2 15
1 21
2 3
1 6
1 7
1 8


3000 24

1 743472

1 760589

2 743472

2 760589

1 141225

2 141225

1 748977

2 748977

1 357778

2 357778

1 37584

2 37584

1 291275

2 291275

1 360347

1 237216

1 196325

2 237216

2 196325

2 360347

1 622141

2 622141

1 733388

1 954010


54001 24

1 366748

2 366748

1 417433

1 515878

2 417433

1 330798

1 152042

2 152042

2 330798

1 295602

2 295602

1 880884

2 880884

2 515878

1 17552

1 195962

1 34338

2 34338

1 456483

1 34496

2 17552

2 456483

1 919255

1 409850

53002 24

1 611739

1 327637

2 327637

1 686088

1 894163

1 732198

2 732198

2 686088

2 611739

2 894163

1 880229

1 294989

2 294989

2 880229

1 230564

2 230564

1 304561

1 125803

2 304561

1 801330

2 801330

1 773835

1 256131

2 125803


51004 24

1 189600

2 189600

1 453627

1 845494

2 845494

2 453627

1 462721

2 462721

1 338049

2 338049

1 247367

2 247367

1 834239

2 834239

1 310278

2 310278

1 704091

2 704091

1 539244

1 782831

2 539244

2 782831

1 699591

2 699591

100000 24

1 236399

1 112442

2 236399

2 112442

1 705872

2 705872

1 180405

2 180405

1 581698

2 581698

1 272525

1 865987

1 507569

2 272525

1 815876

2 865987

1 700017

2 815876

2 700017

2 507569

1 154411

1 894959

2 894959

2 154411


199001 24

1 526021

2 526021

1 293566

2 293566

1 478683

1 69560

2 69560

2 478683

1 406837

2 406837

1 630999

2 630999

1 256014

2 256014

1 904472

2 904472

1 894741

2 894741

1 991256

2 991256

1 29613

1 419985

2 29613

2 419985


4001 20
1 219922
1 784162
1 150653
1 49911
1 600728
1 808982
1 71325
1 78738
1 275888
1 789813
1 877804
1 293963
1 209422
1 285112
1 788602
1 627009
1 624772
1 332910
1 921117
1 653570


200000 9
1 577478
1 471584
1 90074
1 568931
1 991688
1 886287
1 931502
1 720180
1 694289


