20 20 3
2 4 2 4 2 4 2 4 2 4 2 4 2 4 2 4 2 4 2 4
2 3 2 4 2 4 2 4 2 4 2 4 2 4 2 4 2 4 2 4
2 4 2 4 2 4 2 4 2 4 2 4 2 4 2 4 2 4 2 4
2 4 2 4 2 4 2 4 2 4 2 4 2 4 2 4 2 4 2 4
2 4 2 3 2 4 2 4 2 4 2 4 2 4 2 4 2 4 2 4
2 4 2 4 2 4 2 4 2 4 2 4 2 4 2 4 2 4 2 4
2 4 2 4 2 4 2 4 2 4 2 4 2 4 2 4 2 4 2 4
2 4 2 4 2 3 2 4 2 4 2 4 2 4 2 4 2 3 2 4
2 4 2 4 2 4 2 4 2 4 2 4 2 4 2 4 2 4 2 4
2 4 2 4 2 4 2 4 2 4 2 4 2 4 2 4 2 4 2 4
2 4 2 4 2 4 2 3 2 4 2 4 2 4 2 3 2 4 2 4
2 4 2 4 2 4 2 4 2 4 2 4 2 4 2 4 2 4 2 4
2 4 2 4 2 4 2 4 2 4 2 4 2 4 2 4 2 4 2 4
2 4 2 4 2 4 2 4 2 3 2 4 2 3 2 4 2 4 2 4
2 4 2 4 2 4 2 4 2 4 2 4 2 4 2 4 2 4 2 4
2 4 2 4 2 4 2 4 2 4 2 4 2 4 2 4 2 4 2 4
2 4 2 4 2 4 2 4 2 4 2 3 2 4 2 4 2 4 2 4
2 4 2 4 2 4 2 4 2 4 2 4 2 4 2 4 2 4 2 4
2 4 2 4 2 4 2 4 2 4 2 4 2 4 2 4 2 4 2 4
2 4 2 4 2 4 2 4 2 4 2 4 2 4 2 4 2 4 2 4
