10 20 0
-1 102 348 -1 187 -1 718 90 313 585 470 607 259 550 478 18 895 628 45 665
466 606 694 364 623 676 404 30 59 6 388 219 747 99 403 992 257 250 256 717
79 780 -1 527 421 740 529 469 356 27 334 530 533 642 993 70 877 537 644 729
124 509 865 568 718 882 704 26 11 39 113 272 813 299 74 814 810 646 254 16
898 151 90 398 878 642 932 962 185 135 866 798 98 239 546 25 834 417 587 495
984 811 668 659 26 751 464 549 460 616 325 631 282 538 54 772 726 927 767 660
229 676 550 554 310 456 662 374 929 946 344 716 358 247 657 185 404 497 835 20
345 907 914 672 228 129 631 9 971 725 241 951 896 916 655 308 292 29 208 438
925 262 295 358 586 172 608 585 319 870 716 767 688 69 174 530 932 391 506 620
221 753 208 113 241 130 236 358 837 160 311 504 418 701 208 47 425 410 286 243
