100 100
2450 2450 2451 2451 2452 2452 2453 2453 2454 2454 2455 2455 2456 2456 2457 2457 2458 2458 2459 2459 2460 2460 2461 2461 2462 2462 2463 2463 2464 2464 2465 2465 2466 2466 2467 2467 2468 2468 2469 2469 2470 2470 2471 2471 2472 2472 2473 2473 2474 2474 2475 2475 2476 2476 2477 2477 2478 2478 2479 2479 2480 2480 2481 2481 2482 2482 2483 2483 2484 2484 2485 2485 2486 2486 2487 2487 2488 2488 2489 2489 2490 2490 2491 2491 2492 2492 2493 2493 2494 2494 2495 2495 2496 2496 2497 2497 2498 2498 -1 2511
2449 3952 3166 3166 -2 3513 3513 3890 3890 4593 4593 4502 4502 -2 2781 2781 3657 3657 4665 4665 4563 4563 3190 3190 3636 3636 4509 4509 2579 2579 3321 3321 -2 2971 2971 -2 3217 3217 4018 4018 -2 4387 4387 -2 4647 4647 -2 4043 4043 2923 2923 2843 2843 2599 2599 2501 2501 -2 3722 3722 3367 3367 3226 3226 3679 3679 -2 2649 2649 4530 4530 4450 4450 2818 2818 4219 4219 3919 3919 3623 3623 3870 3870 -2 3694 3694 3339 3339 4681 4681 3938 3938 4454 4454 2571 2571 -2 4015 4015 2511
2449 3952 2256 2256 2257 2257 2258 2258 2259 2259 2260 2260 2261 2261 2262 2262 2263 2263 2264 2264 2265 2265 2266 2266 2267 2267 2268 2268 2269 2269 2270 2270 2271 2271 2272 2272 2273 2273 2274 2274 2275 2275 2276 2276 2277 2277 2278 2278 2279 2279 2280 2280 2281 2281 2282 2282 2283 2283 2284 2284 2285 2285 2286 2286 2287 2287 2288 2288 2289 2289 2290 2290 2291 2291 2292 2292 2293 2293 2294 2294 2295 2295 2296 2296 2297 2297 2298 2298 2299 2299 2300 2300 2301 2301 2302 2302 2303 2303 2304 4614
2448 -2 2255 2933 2933 4627 4627 3128 3128 4359 4359 2711 2711 4027 4027 -2 2524 2524 2980 2980 2652 2652 3064 3064 3599 3599 4205 4205 4690 4690 4412 4412 2849 2849 3184 3184 2740 2740 3045 3045 -2 3858 3858 -2 2948 2948 3104 3104 3212 3212 -2 2644 2644 3851 3851 2638 2638 -2 3098 3098 3957 3957 -2 4552 4552 -2 3322 3322 2527 2527 -2 3644 3644 3436 3436 -2 2624 2624 3459 3459 -2 2977 2977 4036 4036 4120 4120 4695 4695 4057 4057 2956 2956 -2 2754 2754 -2 2530 2304 4614
2448 3610 2255 4550 2070 2070 2071 2071 2072 2072 2073 2073 2074 2074 2075 2075 2076 2076 2077 2077 2078 2078 2079 2079 2080 2080 2081 2081 2082 2082 2083 2083 2084 2084 2085 2085 2086 2086 2087 2087 2088 2088 2089 2089 2090 2090 2091 2091 2092 2092 2093 2093 2094 2094 2095 2095 2096 2096 2097 2097 2098 2098 2099 2099 2100 2100 2101 2101 2102 2102 2103 2103 2104 2104 2105 2105 2106 2106 2107 2107 2108 2108 2109 2109 2110 2110 2111 2111 2112 2112 2113 2113 2114 2114 2115 2115 2116 2530 2305 3333
2447 3610 2254 4550 2069 3988 3988 3284 3284 2928 2928 -2 2995 2995 2736 2736 3049 3049 3514 3514 -2 3714 3714 -2 4010 4010 3506 3506 -2 2510 2510 2760 2760 4688 4688 4611 4611 4189 4189 4177 4177 3608 3608 -2 3275 3275 4099 4099 2633 2633 4152 4152 3466 3466 3381 3381 3541 3541 2863 2863 -2 4588 4588 4315 4315 3732 3732 3593 3593 4280 4280 3148 3148 -2 3458 3458 3656 3656 -2 3576 3576 3813 3813 2768 2768 2532 2532 4485 4485 3992 3992 2785 2785 3662 3662 -2 2116 2690 2305 3333
2447 -2 2254 2551 2069 4555 1892 1892 1893 1893 1894 1894 1895 1895 1896 1896 1897 1897 1898 1898 1899 1899 1900 1900 1901 1901 1902 1902 1903 1903 1904 1904 1905 1905 1906 1906 1907 1907 1908 1908 1909 1909 1910 1910 1911 1911 1912 1912 1913 1913 1914 1914 1915 1915 1916 1916 1917 1917 1918 1918 1919 1919 1920 1920 1921 1921 1922 1922 1923 1923 1924 1924 1925 1925 1926 1926 1927 1927 1928 1928 1929 1929 1930 1930 1931 1931 1932 1932 1933 1933 1934 1934 1935 1935 1936 3349 2117 2690 2306 -2
2446 2515 2253 2551 2068 4555 1891 -2 2661 2661 -2 3309 3309 -2 2659 2659 3543 3543 2787 2787 3731 3731 3241 3241 -2 3619 3619 3114 3114 4482 4482 3574 3574 4381 4381 3668 3668 -2 4038 4038 2862 2862 4011 4011 3654 3654 3319 3319 -2 4516 4516 2916 2916 3139 3139 -2 4277 4277 -2 3403 3403 4693 4693 3364 3364 2875 2875 -2 4293 4293 2761 2761 3786 3786 -2 4181 4181 -2 3255 3255 3673 3673 -2 4331 4331 4692 4692 3350 3350 3372 3372 4097 4097 4635 1936 3349 2117 2558 2306 3197
2446 2515 2253 3784 2068 3908 1891 3691 1722 1722 1723 1723 1724 1724 1725 1725 1726 1726 1727 1727 1728 1728 1729 1729 1730 1730 1731 1731 1732 1732 1733 1733 1734 1734 1735 1735 1736 1736 1737 1737 1738 1738 1739 1739 1740 1740 1741 1741 1742 1742 1743 1743 1744 1744 1745 1745 1746 1746 1747 1747 1748 1748 1749 1749 1750 1750 1751 1751 1752 1752 1753 1753 1754 1754 1755 1755 1756 1756 1757 1757 1758 1758 1759 1759 1760 1760 1761 1761 1762 1762 1763 1763 1764 4635 1937 3160 2118 2558 2307 3197
2445 2704 2252 3784 2067 3908 1890 3691 1721 3874 4651 4651 3949 3949 4373 4373 -2 3223 3223 3268 3268 -2 3289 3289 -2 2827 2827 4648 4648 4460 4460 3327 3327 -2 3420 3420 2851 2851 3686 3686 3944 3944 -2 2517 2517 -2 4148 4148 3288 3288 4492 4492 2570 2570 4535 4535 -2 2856 2856 -2 3213 3213 3306 3306 3586 3586 3207 3207 2699 2699 -2 4655 4655 2587 2587 3606 3606 3231 3231 2837 2837 2964 2964 3555 3555 2507 2507 3996 3996 4623 4623 4646 1764 3376 1937 3160 2118 2607 2307 3832
2445 2704 2252 -2 2067 -2 1890 4166 1721 3874 1560 1560 1561 1561 1562 1562 1563 1563 1564 1564 1565 1565 1566 1566 1567 1567 1568 1568 1569 1569 1570 1570 1571 1571 1572 1572 1573 1573 1574 1574 1575 1575 1576 1576 1577 1577 1578 1578 1579 1579 1580 1580 1581 1581 1582 1582 1583 1583 1584 1584 1585 1585 1586 1586 1587 1587 1588 1588 1589 1589 1590 1590 1591 1591 1592 1592 1593 1593 1594 1594 1595 1595 1596 1596 1597 1597 1598 1598 1599 1599 1600 4646 1765 3376 1938 4153 2119 2607 2308 3832
2444 3433 2251 4344 2066 4106 1889 4166 1720 3041 1559 4510 4510 4675 4675 3674 3674 2873 2873 3382 3382 -2 3793 3793 2575 2575 3571 3571 4296 4296 3081 3081 2855 2855 3965 3965 3301 3301 -2 2514 2514 3447 3447 4583 4583 3900 3900 2698 2698 -2 3770 3770 2572 2572 -2 3667 3667 4536 4536 3209 3209 -2 2539 2539 2726 2726 -2 3179 3179 2857 2857 4385 4385 3467 3467 -2 3659 3659 2809 2809 3534 3534 -2 2610 2610 -2 2687 2687 -2 2960 1600 4669 1765 3935 1938 4153 2119 -2 2308 -2
2444 3433 2251 4344 2066 4106 1889 4254 1720 3041 1559 3167 1406 1406 1407 1407 1408 1408 1409 1409 1410 1410 1411 1411 1412 1412 1413 1413 1414 1414 1415 1415 1416 1416 1417 1417 1418 1418 1419 1419 1420 1420 1421 1421 1422 1422 1423 1423 1424 1424 1425 1425 1426 1426 1427 1427 1428 1428 1429 1429 1430 1430 1431 1431 1432 1432 1433 1433 1434 1434 1435 1435 1436 1436 1437 1437 1438 1438 1439 1439 1440 1440 1441 1441 1442 1442 1443 1443 1444 2960 1601 4669 1766 3935 1939 4417 2120 3999 2309 2722
2443 3539 2250 4033 2065 4077 1888 4254 1719 -2 1558 3167 1405 2769 2769 -2 3196 3196 4668 4668 4421 4421 4683 4683 2989 2989 2545 2545 -2 3282 3282 3356 3356 4399 4399 -2 4395 4395 3028 3028 4449 4449 -2 3337 3337 -2 4116 4116 -2 2751 2751 -2 3225 3225 2929 2929 3320 3320 -2 3054 3054 3803 3803 4382 4382 4686 4686 3767 3767 -2 3263 3263 3287 3287 -2 3700 3700 -2 3444 3444 -2 4455 4455 -2 3779 3779 -2 3848 1444 4090 1601 2732 1766 -2 1939 4417 2120 3999 2309 2722
2443 3539 2250 4033 2065 4077 1888 3267 1719 2639 1558 -2 1405 4333 1260 1260 1261 1261 1262 1262 1263 1263 1264 1264 1265 1265 1266 1266 1267 1267 1268 1268 1269 1269 1270 1270 1271 1271 1272 1272 1273 1273 1274 1274 1275 1275 1276 1276 1277 1277 1278 1278 1279 1279 1280 1280 1281 1281 1282 1282 1283 1283 1284 1284 1285 1285 1286 1286 1287 1287 1288 1288 1289 1289 1290 1290 1291 1291 1292 1292 1293 1293 1294 1294 1295 1295 1296 3848 1445 4090 1602 2732 1767 3800 1940 3390 2121 2702 2310 2749
2442 2842 2249 3060 2064 4362 1887 3267 1718 2639 1557 4158 1404 4333 1259 4574 4574 3097 3097 3783 3783 4633 4633 4503 4503 3152 3152 4009 4009 3639 3639 3877 3877 4523 4523 3698 3698 -2 4098 4098 3261 3261 -2 3414 3414 -2 3811 3811 -2 3991 3991 2582 2582 2667 2667 2678 2678 3926 3926 3986 3986 3860 3860 -2 3012 3012 3472 3472 3240 3240 -2 3047 3047 4231 4231 -2 3655 3655 3966 3966 2972 2972 -2 3922 3922 4408 1296 3145 1445 -2 1602 4103 1767 3800 1940 3390 2121 2702 2310 2749
2442 2842 2249 3060 2064 4362 1887 4488 1718 -2 1557 4158 1404 2595 1259 3182 1122 1122 1123 1123 1124 1124 1125 1125 1126 1126 1127 1127 1128 1128 1129 1129 1130 1130 1131 1131 1132 1132 1133 1133 1134 1134 1135 1135 1136 1136 1137 1137 1138 1138 1139 1139 1140 1140 1141 1141 1142 1142 1143 1143 1144 1144 1145 1145 1146 1146 1147 1147 1148 1148 1149 1149 1150 1150 1151 1151 1152 1152 1153 1153 1154 1154 1155 1155 1156 4408 1297 3145 1446 3794 1603 4103 1768 -2 1941 4242 2122 3696 2311 3518
2441 4200 2248 4281 2063 2897 1886 4488 1717 2700 1556 3365 1403 2595 1258 3182 1121 4452 4413 4413 4132 4132 -2 3823 3823 3181 3181 -2 3245 3245 3173 3173 2632 2632 2688 2688 3087 3087 3790 3790 -2 3471 3471 4226 4226 2951 2951 -2 4094 4094 -2 4377 4377 3802 3802 3620 3620 2946 2946 2753 2753 2889 2889 2528 2528 3150 3150 -2 4048 4048 -2 3596 3596 3034 3034 2836 2836 3502 3502 -2 2992 2992 -2 2841 1156 4191 1297 2696 1446 3794 1603 -2 1768 3536 1941 4242 2122 3696 2311 3518
2441 4200 2248 4281 2063 2897 1886 4368 1717 2700 1556 3365 1403 -2 1258 4337 1121 4452 992 992 993 993 994 994 995 995 996 996 997 997 998 998 999 999 1000 1000 1001 1001 1002 1002 1003 1003 1004 1004 1005 1005 1006 1006 1007 1007 1008 1008 1009 1009 1010 1010 1011 1011 1012 1012 1013 1013 1014 1014 1015 1015 1016 1016 1017 1017 1018 1018 1019 1019 1020 1020 1021 1021 1022 1022 1023 1023 1024 2841 1157 4191 1298 2696 1447 3603 1604 2725 1769 3536 1942 3366 2123 -2 2312 4477
2440 4562 2247 4294 2062 4525 1885 4368 1716 3735 1555 4059 1402 4427 1257 4337 1120 2969 991 -2 4365 4365 -2 3716 3716 4569 4569 2904 2904 3183 3183 -2 3294 3294 4126 4126 2504 2504 3408 3408 4342 4342 3074 3074 2651 2651 -2 2910 2910 -2 3669 3669 4534 4534 -2 3931 3931 3169 3169 -2 3592 3592 3398 3398 3852 3852 3039 3039 4604 4604 2680 2680 3879 3879 3547 3547 2952 2952 4420 4420 4008 4008 1024 2576 1157 -2 1298 3122 1447 3603 1604 2725 1769 2926 1942 3366 2123 3805 2312 4477
2440 4562 2247 4294 2062 4525 1885 3819 1716 3735 1555 4059 1402 4427 1257 4659 1120 2969 991 3195 870 870 871 871 872 872 873 873 874 874 875 875 876 876 877 877 878 878 879 879 880 880 881 881 882 882 883 883 884 884 885 885 886 886 887 887 888 888 889 889 890 890 891 891 892 892 893 893 894 894 895 895 896 896 897 897 898 898 899 899 900 3598 1025 2576 1158 2881 1299 3122 1448 3449 1605 -2 1770 2926 1943 2878 2124 3805 2313 -2
2439 2675 2246 3080 2061 3736 1884 3819 1715 -2 1554 2585 1401 3038 1256 4659 1119 2623 990 3195 869 3981 3981 -2 2908 2908 2975 2975 3022 3022 3522 3522 2773 2773 -2 2991 2991 -2 3082 3082 3637 3637 -2 3199 3199 2589 2589 4494 4494 3764 3764 4073 4073 3649 3649 4626 4626 2932 2932 3839 3839 -2 4322 4322 3579 3579 3484 3484 2913 2913 -2 3916 3916 4369 4369 4311 4311 2630 2630 -2 900 3598 1025 -2 1158 2881 1299 2901 1448 3449 1605 2909 1770 -2 1943 2878 2124 3841 2313 4222
2439 2675 2246 3080 2061 3736 1884 3089 1715 4389 1554 2585 1401 3038 1256 2987 1119 2623 990 4522 869 4147 756 756 757 757 758 758 759 759 760 760 761 761 762 762 763 763 764 764 765 765 766 766 767 767 768 768 769 769 770 770 771 771 772 772 773 773 774 774 775 775 776 776 777 777 778 778 779 779 780 780 781 781 782 782 783 783 784 3607 901 2560 1026 2546 1159 -2 1300 2901 1449 2586 1606 2909 1771 3653 1944 2940 2125 3841 2314 4222
2438 2733 2245 4308 2060 -2 1883 3089 1714 4389 1553 4287 1400 3106 1255 2987 1118 3892 989 4522 868 4147 755 4269 2794 2794 -2 3290 3290 -2 3745 3745 3424 3424 3782 3782 -2 3214 3214 -2 2812 2812 -2 3474 3474 3680 3680 -2 3111 3111 -2 3456 3456 3994 3994 3913 3913 4122 4122 4276 4276 2723 2723 -2 4201 4201 4234 4234 4279 4279 3967 3967 3678 3678 4079 4079 4316 4316 784 3607 901 2560 1026 2546 1159 3822 1300 4246 1449 2586 1606 4483 1771 3653 1944 2940 2125 -2 2314 4508
2438 2733 2245 4308 2060 3753 1883 -2 1714 -2 1553 4287 1400 3106 1255 3968 1118 3892 989 4204 868 3946 755 4269 650 650 651 651 652 652 653 653 654 654 655 655 656 656 657 657 658 658 659 659 660 660 661 661 662 662 663 663 664 664 665 665 666 666 667 667 668 668 669 669 670 670 671 671 672 672 673 673 674 674 675 675 676 3729 785 -2 902 -2 1027 2778 1160 3822 1301 4246 1450 2616 1607 4483 1772 4500 1945 -2 2126 3527 2315 4508
2437 4682 2244 3149 2059 3753 1882 3432 1713 2611 1552 3594 1399 3258 1254 3968 1117 3168 988 4204 867 3946 754 -2 649 4117 4117 -2 3939 3939 3426 3426 2871 2871 2717 2717 4457 4457 2671 2671 -2 3578 3578 3099 3099 -2 3980 3980 3983 3983 3566 3566 4557 4557 4321 4321 3705 3705 4024 4024 4459 4459 4211 4211 -2 3374 3374 -2 3880 3880 -2 4467 4467 -2 3943 3943 676 3729 785 3011 902 3985 1027 2778 1160 3487 1301 2689 1450 2616 1607 -2 1772 4500 1945 2657 2126 3527 2315 4541
2437 4682 2244 3149 2059 4636 1882 3432 1713 2611 1552 3594 1399 3258 1254 -2 1117 3168 988 3211 867 2797 754 3815 649 3463 552 552 553 553 554 554 555 555 556 556 557 557 558 558 559 559 560 560 561 561 562 562 563 563 564 564 565 565 566 566 567 567 568 568 569 569 570 570 571 571 572 572 573 573 574 574 575 575 576 2708 677 -2 786 3011 903 3985 1028 4168 1161 3487 1302 2689 1451 4654 1608 3936 1773 4275 1946 2657 2127 2668 2316 4541
2436 2547 2243 4000 2058 4636 1881 -2 1712 2920 1551 -2 1398 2590 1253 3978 1116 -2 987 3211 866 2797 753 3815 648 3463 551 2566 -2 3201 3201 4151 4151 -2 4026 4026 3252 3252 4225 4225 4496 4496 3379 3379 3834 3834 3475 3475 4266 4266 3862 3862 3198 3198 3254 3254 4490 4490 3511 3511 -2 2950 2950 4271 4271 4230 4230 -2 2983 2983 -2 2713 2713 -2 576 2708 677 3343 786 3688 903 4547 1028 4168 1161 -2 1302 -2 1451 4654 1608 3936 1773 4275 1946 3814 2127 2668 2316 3975
2436 2547 2243 4000 2058 3283 1881 3257 1712 2920 1551 3353 1398 2590 1253 3978 1116 4407 987 3685 866 2727 753 -2 648 -2 551 2566 462 462 463 463 464 464 465 465 466 466 467 467 468 468 469 469 470 470 471 471 472 472 473 473 474 474 475 475 476 476 477 477 478 478 479 479 480 480 481 481 482 482 483 483 484 3119 577 4042 678 3343 787 3688 904 4547 1029 4584 1162 2868 1303 3194 1452 3155 1609 3573 1774 2883 1947 3814 2128 4172 2317 3975
2435 -2 2242 -2 2057 3283 1880 3257 1711 4684 1550 3353 1397 3581 1252 3314 1115 4407 986 3685 865 2727 752 2706 647 3883 550 4602 461 4123 4605 4605 3406 3406 -2 4414 4414 3979 3979 2876 2876 -2 4028 4028 3627 3627 3135 3135 3855 3855 2747 2747 -2 2728 2728 3905 3905 3560 3560 4005 4005 4143 4143 3127 3127 2681 2681 3759 3759 4660 4660 3386 484 3119 577 4042 678 2815 787 3112 904 2656 1029 4584 1162 2868 1303 3194 1452 3155 1609 3573 1774 2883 1947 4474 2128 4172 2317 4193
2435 2615 2242 3330 2057 2519 1880 -2 1711 4684 1550 -2 1397 3581 1252 3314 1115 4528 986 -2 865 -2 752 2706 647 3883 550 4602 461 4123 380 380 381 381 382 382 383 383 384 384 385 385 386 386 387 387 388 388 389 389 390 390 391 391 392 392 393 393 394 394 395 395 396 396 397 397 398 398 399 399 400 3386 485 -2 578 2810 679 2815 788 3112 905 2656 1030 2927 1163 3532 1304 3507 1453 4250 1610 3141 1775 3910 1948 4474 2129 3927 2318 4193
2434 2615 2241 3330 2056 2519 1879 3096 1710 4543 1549 4208 1396 3893 1251 -2 1114 4528 985 2858 864 4514 751 -2 646 3133 549 3077 460 2521 379 4264 -2 4278 4278 -2 2550 2550 -2 4145 4145 4324 4324 4591 4591 2573 2573 -2 2835 2835 3545 3545 4521 4521 -2 3446 3446 2848 2848 -2 4411 4411 2934 2934 3826 3826 2795 2795 -2 3310 400 -2 485 3221 578 2810 679 4179 788 -2 905 4422 1030 2927 1163 3532 1304 3507 1453 4250 1610 3141 1775 3910 1948 3000 2129 3927 2318 4335
2434 3707 2241 2721 2056 -2 1879 3096 1710 4543 1549 4208 1396 3893 1251 2890 1114 3407 985 2858 864 4514 751 2640 646 3133 549 3077 460 2521 379 4264 306 306 307 307 308 308 309 309 310 310 311 311 312 312 313 313 314 314 315 315 316 316 317 317 318 318 319 319 320 320 321 321 322 322 323 323 324 3310 401 4295 486 3221 579 -2 680 4179 789 2791 906 4422 1031 -2 1164 -2 1305 -2 1454 3531 1611 2803 1776 2729 1949 3000 2130 3600 2319 4335
2433 3707 2240 2721 2055 3142 1878 3664 1709 4671 1548 2805 1395 3956 1250 2890 1113 3407 984 4468 863 4330 750 2640 645 3773 548 4649 459 -2 378 3492 305 3358 3358 4445 4445 3292 3292 3889 3889 -2 2966 2966 2561 2561 3076 3076 3394 3394 4003 4003 4442 4442 4251 4251 4674 4674 2748 2748 -2 3334 3334 4223 4223 -2 4156 4156 324 4348 401 4295 486 4576 579 4233 680 3958 789 2791 906 -2 1031 3387 1164 3315 1305 3650 1454 3531 1611 2803 1776 2729 1949 -2 2130 3600 2319 2648
2433 -2 2240 4068 2055 3142 1878 3664 1709 4671 1548 2805 1395 3956 1250 3427 1113 4663 984 4468 863 4330 750 4165 645 3773 548 4649 459 2636 378 3492 305 3203 240 240 241 241 242 242 243 243 244 244 245 245 246 246 247 247 248 248 249 249 250 250 251 251 252 252 253 253 254 254 255 255 256 3646 325 4348 402 4063 487 4576 580 4233 681 3958 790 -2 907 3734 1032 3387 1165 3315 1306 3650 1455 3362 1612 3342 1777 -2 1950 3453 2131 4184 2320 2648
2432 3897 2239 4068 2054 -2 1877 2685 1708 2788 1547 4573 1394 3971 1249 3427 1112 4663 983 2860 862 3597 749 4165 644 4571 547 3401 458 2636 377 4339 304 3203 239 3712 3712 3056 3056 2936 2936 -2 3202 3202 -2 4108 4108 3431 3431 3416 3416 3086 3086 4634 4634 3670 3670 -2 4438 4438 -2 3251 3251 2603 2603 4366 256 3646 325 3641 402 4063 487 4504 580 -2 681 3788 790 2718 907 3734 1032 4155 1165 4104 1306 4091 1455 3362 1612 3342 1777 3932 1950 3453 2131 4184 2320 -2
2432 3897 2239 -2 2054 3671 1877 2685 1708 2788 1547 4573 1394 3971 1249 4080 1112 2662 983 2860 862 3597 749 4182 644 4571 547 3401 458 3630 377 4339 304 3737 239 3973 182 182 183 183 184 184 185 185 186 186 187 187 188 188 189 189 190 190 191 191 192 192 193 193 194 194 195 195 196 4366 257 -2 326 3641 403 -2 488 4504 581 4291 682 3788 791 2718 908 3083 1033 4155 1166 4104 1307 4091 1456 4542 1613 4070 1778 3932 1951 4546 2132 2565 2321 3354
2431 -2 2238 4347 2053 3671 1876 3697 1707 3020 1546 -2 1393 2542 1248 4080 1111 2662 982 3423 861 -2 748 4182 643 2938 546 -2 457 3630 376 -2 303 3737 238 3973 181 4255 4307 4307 -2 3200 3200 3419 3419 -2 2902 2902 3439 3439 -2 4252 4252 3043 3043 2819 2819 3984 3984 4327 4327 4642 4642 2879 196 2978 257 2776 326 2935 403 4213 488 -2 581 4291 682 -2 791 -2 908 3083 1033 2911 1166 -2 1307 2580 1456 4542 1613 4070 1778 4014 1951 4546 2132 2565 2321 3354
2431 3457 2238 4347 2053 -2 1876 3697 1707 3020 1546 4221 1393 2542 1248 2694 1111 3404 982 3423 861 4568 748 2613 643 2938 546 3085 457 -2 376 3331 303 4559 238 3153 181 4255 132 132 133 133 134 134 135 135 136 136 137 137 138 138 139 139 140 140 141 141 142 142 143 143 144 2879 197 2978 258 2776 327 2935 404 4213 489 3825 582 3631 683 4416 792 4163 909 4644 1034 2911 1167 3486 1308 2580 1457 3558 1614 4258 1779 4014 1952 3846 2133 3070 2322 2605
2430 3457 2237 4272 2052 3218 1875 -2 1706 4462 1545 4221 1392 4378 1247 2694 1110 3404 981 3067 860 4568 747 2613 642 3553 545 3085 456 4607 375 3331 302 4559 237 3153 180 3933 131 3113 2598 2598 4350 4350 3178 3178 3989 3989 -2 3843 3843 3945 3945 4232 4232 3914 3914 3061 3061 4282 4282 3095 144 4448 197 4345 258 -2 327 2965 404 4095 489 3825 582 3631 683 4416 792 4163 909 4644 1034 -2 1167 3486 1308 4202 1457 3558 1614 4258 1779 2512 1952 3846 2133 3070 2322 2605
2430 4677 2237 4272 2052 3218 1875 2619 1706 4462 1545 3920 1392 4378 1247 4390 1110 3040 981 3067 860 3318 747 3495 642 3553 545 4053 456 4607 375 -2 302 -2 237 -2 180 3933 131 3113 90 90 91 91 92 92 93 93 94 94 95 95 96 96 97 97 98 98 99 99 100 3095 145 4448 198 4345 259 2653 328 2965 405 4095 490 2941 583 4283 684 3818 793 -2 910 2568 1035 3733 1168 3872 1309 4202 1458 3643 1615 3237 1780 2512 1953 2990 2134 -2 2323 2888
2429 4677 2236 3829 2051 -2 1874 2619 1705 3004 1544 3920 1391 3417 1246 4390 1109 3040 980 4360 859 3318 746 3495 641 4640 544 4053 455 -2 374 2508 301 4464 236 4609 179 4367 130 4401 89 4334 4334 4527 4527 3066 3066 4343 4343 -2 4044 4044 4453 4453 -2 4673 4673 4072 4072 -2 100 2669 145 -2 198 -2 259 2653 328 3316 405 -2 490 2941 583 4283 684 3818 793 2779 910 2568 1035 3733 1168 3872 1309 4135 1458 3643 1615 3237 1780 3253 1953 2990 2134 3677 2323 2888
2429 4533 2236 3829 2051 3101 1874 2513 1705 3004 1544 -2 1391 3417 1246 3842 1109 3042 980 4360 859 -2 746 4130 641 4640 544 3951 455 3430 374 2508 301 4464 236 4609 179 4367 130 4401 89 3523 56 56 57 57 58 58 59 59 60 60 61 61 62 62 63 63 64 3861 101 2669 146 3243 199 4037 260 3454 329 3316 406 3830 491 4458 584 4610 685 2865 794 2779 911 4447 1036 4227 1169 -2 1310 4135 1459 4403 1616 3093 1781 3253 1954 3496 2135 3677 2324 2957
2428 4533 2235 -2 2050 3101 1873 2513 1704 -2 1543 2516 1390 3461 1245 3842 1108 3042 979 4358 858 2976 745 4130 640 3632 543 3951 454 3430 373 3728 300 -2 235 4529 178 3451 129 3582 88 3523 55 3642 3642 4235 4235 -2 3895 3895 4374 4374 2503 2503 2743 2743 -2 4585 64 3861 101 -2 146 3243 199 4037 260 3454 329 -2 406 3830 491 4458 584 4610 685 2865 794 -2 911 4447 1036 4227 1169 4433 1310 4270 1459 4403 1616 3093 1781 3715 1954 3496 2135 3363 2324 2957
2428 -2 2235 2861 2050 2746 1873 2750 1704 4356 1543 2516 1390 3461 1245 3476 1108 3777 979 4358 858 2976 745 3748 640 3632 543 4637 454 3073 373 3728 300 3489 235 4529 178 3451 129 3582 88 4469 55 -2 30 30 31 31 32 32 33 33 34 34 35 35 36 4585 65 3351 102 3863 147 3140 200 3248 261 -2 330 4102 407 -2 492 4034 585 4656 686 2782 795 3798 912 2770 1037 3738 1170 4433 1311 4270 1460 4323 1617 4062 1782 3715 1955 -2 2136 3363 2325 4273
2427 3690 2234 2861 2049 2746 1872 2750 1703 4356 1542 -2 1389 3380 1244 3476 1107 3777 978 4310 857 -2 744 3748 639 -2 542 4637 453 3073 372 4476 299 3489 234 4652 177 4630 128 3885 87 4469 54 2880 29 3589 3589 4326 4326 4314 4314 2767 2767 4537 4537 4578 36 -2 65 3351 102 3863 147 3140 200 3248 261 3750 330 4102 407 3002 492 4034 585 4656 686 2782 795 3798 912 2770 1037 3738 1170 4031 1311 2823 1460 4323 1617 4062 1782 2790 1955 2833 2136 -2 2325 4273
2427 3690 2234 3997 2049 3151 1872 -2 1703 4134 1542 4170 1389 3380 1244 -2 1107 -2 978 4310 857 2970 744 -2 639 3230 542 3071 453 4297 372 4476 299 3544 234 4652 177 4630 128 3885 87 4404 54 2880 29 3781 12 12 13 13 14 14 15 15 16 4578 37 3763 66 4113 103 2793 148 3838 201 3159 262 3750 331 2831 408 3002 493 -2 586 -2 687 -2 796 4159 913 3524 1038 4186 1171 4031 1312 2823 1461 -2 1618 3013 1783 2790 1956 2833 2137 3535 2326 2735
2426 3918 2233 3997 2048 3151 1871 3304 1702 4134 1541 4170 1388 2853 1243 3756 1106 3008 977 4398 856 2970 743 3091 638 3230 541 3071 452 4297 371 4428 298 3544 233 3222 176 -2 127 -2 86 4404 53 2552 28 3781 11 -2 3163 3163 -2 4355 4355 3010 16 2854 37 3763 66 4113 103 2793 148 3838 201 3159 262 3399 331 2831 408 -2 493 4215 586 3126 687 2621 796 4159 913 3524 1038 4186 1171 4020 1312 -2 1461 2627 1618 3013 1783 4021 1956 4415 2137 3535 2326 2735
2426 3918 2233 3915 2048 3329 1871 3304 1702 3881 1541 3307 1388 2853 1243 3756 1106 3008 977 4398 856 4418 743 3091 638 -2 541 -2 452 4650 371 4428 298 4397 233 3222 176 3850 127 3652 86 4354 53 2552 28 3810 11 3976 2 2 3 3 4 3010 17 2854 38 4380 67 2540 104 4687 149 3494 202 -2 263 3399 332 3448 409 3017 494 4215 587 3126 688 2621 797 3761 914 4564 1039 2672 1172 4020 1313 4312 1462 2627 1619 4190 1784 4021 1957 4415 2138 -2 2327 4419
2425 3428 2232 3915 2047 3329 1870 3701 1701 3881 1540 3307 1387 4364 1242 2998 1105 4013 976 3324 855 4418 742 -2 637 3391 540 3157 451 4650 370 3147 297 4397 232 3035 175 3850 126 3652 85 4354 52 3901 27 3810 10 3976 1 4346 4346 -2 4 -2 17 3552 38 4380 67 2540 104 4687 149 3494 202 3110 263 -2 332 3448 409 3017 494 3236 587 -2 688 2895 797 3761 914 4564 1039 2672 1172 3743 1313 4312 1462 -2 1619 4190 1784 3937 1957 4632 2138 2850 2327 4419
2425 3428 2232 4596 2047 3820 1870 3701 1701 3987 1540 3717 1387 4364 1242 2998 1105 4013 976 3324 855 -2 742 3521 637 3391 540 3157 451 -2 370 3147 297 -2 232 3035 175 -2 126 2520 85 3787 52 3901 27 4144 10 4046 1 0 0 3247 5 3588 18 3552 39 3864 68 4241 105 4386 150 3684 203 3110 264 2802 333 3186 410 3323 495 3236 588 4253 689 2895 798 4268 915 3969 1040 3658 1173 3743 1314 -2 1463 4388 1620 4017 1785 3937 1958 4632 2139 2850 2328 -2
2424 4680 2231 4596 2046 3820 1869 -2 1700 3987 1539 3717 1386 4679 1241 3730 1104 -2 975 2664 854 2526 741 3521 636 -2 539 4203 450 3660 369 4667 296 3485 231 -2 174 4052 125 2520 84 3787 51 3409 26 4144 9 4046 -2 4376 4376 3247 5 3588 18 3175 39 3864 68 4241 105 4386 150 3684 203 4115 264 2802 333 3186 410 3323 495 2563 588 4253 689 3710 798 4268 915 3969 1040 3658 1173 3703 1314 3706 1463 4388 1620 4017 1785 4030 1958 3395 2139 3361 2328 4434
2424 4680 2231 -2 2046 4328 1869 2716 1700 4329 1539 -2 1386 4679 1241 3730 1104 3875 975 2664 854 2526 741 3014 636 4661 539 4203 450 3660 369 4667 296 3485 231 3912 174 4052 125 4176 84 3517 51 3409 26 3766 9 8 8 7 7 6 6 -2 19 3175 40 4606 69 4617 106 4129 151 4220 204 4115 265 -2 334 3136 411 -2 496 2563 589 3962 690 3710 799 -2 916 -2 1041 -2 1174 3703 1315 3706 1464 3396 1621 3749 1786 4030 1959 3395 2140 3361 2329 4434
2423 4107 2230 2597 2045 4328 1868 2716 1699 4329 1538 2821 1385 2780 1240 2602 1103 3875 974 3692 853 -2 740 3014 635 4661 538 3312 449 3625 368 4224 295 -2 230 3912 173 3828 124 4176 83 3517 50 4121 25 3766 3727 3727 3088 3088 3505 3505 3234 3234 19 -2 40 4606 69 4617 106 4129 151 4220 204 3824 265 2800 334 3136 411 3924 496 -2 589 3962 690 -2 799 3617 916 2710 1041 4012 1174 3480 1315 3033 1464 3396 1621 3749 1786 4628 1959 4320 2140 3821 2329 2925
2423 4107 2230 2597 2045 2637 1868 2806 1699 -2 1538 2821 1385 2780 1240 2602 1103 4341 974 3692 853 4074 740 3575 635 3210 538 3312 449 3625 368 4224 295 3413 230 2799 173 3828 124 -2 83 -2 50 4121 25 24 24 23 23 22 22 21 21 20 20 4076 41 3021 70 4396 107 3302 152 2600 205 3824 266 2800 335 -2 412 3924 497 3092 590 -2 691 3510 800 3617 917 2710 1042 4012 1175 3480 1316 3033 1465 -2 1622 2534 1787 4628 1960 4320 2141 3821 2330 2925
2422 3807 2229 3605 2044 2637 1867 2806 1698 4196 1537 -2 1384 2744 1239 2840 1102 4341 973 2846 852 4074 739 3575 634 3210 537 -2 448 -2 367 4173 294 3413 229 2799 172 3917 123 3462 82 3405 49 4128 4128 3072 3072 4289 4289 -2 3561 3561 2792 2792 -2 4076 41 3021 70 4396 107 3302 152 2600 205 2963 266 2844 335 3438 412 3615 497 3092 590 3052 691 3510 800 3317 917 3491 1042 4067 1175 2635 1316 -2 1465 2974 1622 2534 1787 -2 1960 2939 2141 4049 2330 3990
2422 3807 2229 3605 2044 4137 1867 4524 1698 4196 1537 2985 1384 2744 1239 2840 1102 3478 973 2846 852 -2 739 4133 634 -2 537 3515 448 4619 367 4173 294 3239 229 3285 172 3917 123 3462 82 3405 49 48 48 47 47 46 46 45 45 44 44 43 43 42 42 2859 71 2784 108 -2 153 3328 206 2963 267 2844 336 3438 413 3615 498 3762 591 3052 692 4512 801 3317 918 3491 1043 4067 1176 2635 1317 3583 1466 2974 1623 -2 1788 3635 1961 2939 2142 4049 2331 3990
2421 2869 2228 3601 2043 4137 1866 4524 1697 -2 1536 2985 1383 -2 1238 -2 1101 3478 972 -2 851 2608 738 4133 633 3100 536 3515 447 4619 366 3250 293 3239 228 3285 171 3629 122 -2 81 3551 3551 3108 3108 2612 2612 4639 4639 3279 3279 -2 3131 3131 -2 4431 4431 2859 71 2784 108 3031 153 3328 206 -2 267 3107 336 2593 413 2786 498 3762 591 3286 692 4512 801 -2 918 2783 1043 2900 1176 4267 1317 3583 1466 3265 1623 3185 1788 3635 1961 4138 2142 3559 2331 3509
2421 2869 2228 3601 2043 4436 1866 -2 1697 2701 1536 4672 1383 3953 1238 3604 1101 2755 972 3906 851 2608 738 -2 633 3100 536 2617 447 2893 366 3250 293 3526 228 3479 171 3629 122 4332 81 80 80 79 79 78 78 77 77 76 76 75 75 74 74 73 73 72 72 4461 109 3031 154 2866 207 4538 268 3107 337 2593 414 2786 499 3109 592 3286 693 -2 802 3278 919 2783 1044 2900 1177 4267 1318 2529 1467 3265 1624 3185 1789 3530 1962 4138 2143 3559 2332 3509
2420 -2 2227 -2 2042 4436 1865 4210 1696 2701 1535 4672 1382 3953 1237 3604 1100 2755 971 3906 850 4624 737 3208 632 3338 535 2617 446 2893 365 -2 292 3526 227 3479 170 -2 121 4332 2872 2872 2676 2676 3769 3769 -2 3548 3548 -2 4218 4218 -2 3554 3554 2620 2620 4372 4372 4461 109 2641 154 2866 207 4538 268 -2 337 4638 414 -2 499 3109 592 2642 693 2979 802 3278 919 2730 1044 3499 1177 2867 1318 2529 1467 -2 1624 -2 1789 3530 1962 2518 2143 4056 2332 3371
2420 2804 2227 3970 2042 2562 1865 4210 1696 -2 1535 4083 1382 4064 1237 -2 1100 3806 971 -2 850 4624 737 3208 632 3338 535 3280 446 2614 365 2574 292 4066 227 3235 170 2801 121 120 120 119 119 118 118 117 117 116 116 115 115 114 114 113 113 112 112 111 111 110 110 2641 155 -2 208 4149 269 3482 338 4638 415 2583 500 4551 593 2642 694 2979 803 3525 920 2730 1045 3499 1178 2867 1319 4288 1468 4274 1625 3718 1790 2789 1963 2518 2144 4056 2333 3371
2419 2804 2226 3970 2041 2562 1864 3613 1695 3801 1534 4083 1381 4064 1236 2997 1099 3806 970 4084 849 3272 736 3869 631 -2 534 3280 445 2614 364 2574 291 4066 226 3235 169 2801 2870 2870 2677 2677 4025 4025 2634 2634 -2 3835 3835 4526 4526 4548 4548 -2 4351 4351 4603 4603 -2 2864 2864 -2 155 4263 208 4149 269 3482 338 2569 415 2583 500 4551 593 3305 694 4580 803 3525 920 -2 1045 4629 1178 -2 1319 4288 1468 4274 1625 3718 1790 2789 1963 3191 2144 4590 2333 4592
2419 3050 2226 2555 2041 3587 1864 3613 1695 3801 1534 3501 1381 -2 1236 2997 1099 3719 970 4084 849 3272 736 3869 631 3529 534 4392 445 3137 364 3959 291 2766 226 4658 169 168 168 167 167 166 166 165 165 164 164 163 163 162 162 161 161 160 160 159 159 158 158 157 157 156 156 4263 209 -2 270 3359 339 2569 416 -2 501 4586 594 3305 695 4580 804 3078 921 3298 1046 4629 1179 4175 1320 3348 1469 4556 1626 -2 1791 2838 1964 3191 2145 4590 2334 4592
2418 3050 2225 2555 2040 3587 1863 3609 1694 4216 1533 3501 1380 4582 1235 3332 1098 3719 969 -2 848 3006 735 -2 630 3529 533 4392 444 3137 363 3959 290 2766 225 4658 2601 2601 3585 3585 -2 4239 4239 3740 3740 2646 2646 3473 3473 -2 3528 3528 -2 3538 3538 3032 3032 4479 4479 2714 2714 -2 2531 2531 209 3313 270 3359 339 4363 416 4101 501 4586 594 3118 695 3481 804 3078 921 3298 1046 3048 1179 4175 1320 3348 1469 4556 1626 2628 1791 2838 1964 4531 2145 4071 2334 4558
2418 -2 2225 4517 2040 3724 1863 3609 1694 4216 1533 2541 1380 4582 1235 3332 1098 4664 969 3744 848 3006 735 3490 630 3227 533 -2 444 -2 363 4167 290 2673 225 224 224 223 223 222 222 221 221 220 220 219 219 218 218 217 217 216 216 215 215 214 214 213 213 212 212 211 211 210 210 3313 271 4164 340 4363 417 4101 502 -2 595 3118 696 3481 805 3192 922 4643 1047 3048 1180 3929 1321 -2 1470 3308 1627 2628 1792 4245 1965 4531 2146 4071 2335 4558
2417 2559 2224 4517 2039 3724 1862 4498 1693 -2 1532 2541 1379 4069 1234 2961 1097 4664 968 3744 847 3336 734 3490 629 3227 532 4016 443 3477 362 4167 289 2673 2807 2807 3847 3847 -2 3412 3412 -2 2626 2626 4430 4430 3300 3300 4597 4597 2954 2954 4243 4243 2817 2817 -2 4054 4054 -2 3808 3808 -2 4259 4259 -2 271 4164 340 4540 417 2811 502 3434 595 -2 696 -2 805 3192 922 4643 1047 4050 1180 3929 1321 3542 1470 3308 1627 2536 1792 4245 1965 3503 2146 3204 2335 4429
2417 2559 2224 -2 2039 2949 1862 4498 1693 2962 1532 -2 1379 4069 1234 2961 1097 4402 968 4047 847 3336 734 3206 629 4006 532 4016 443 3477 362 3053 289 288 288 287 287 286 286 285 285 284 284 283 283 282 282 281 281 280 280 279 279 278 278 277 277 276 276 275 275 274 274 273 273 272 272 -2 341 4540 418 2811 503 3434 596 2884 697 3993 806 3624 923 3665 1048 4050 1181 4299 1322 3542 1471 3143 1628 2536 1793 4157 1966 3503 2147 3204 2336 4429
2416 -2 2223 3942 2038 2949 1861 3440 1692 2962 1531 3816 1378 2959 1233 -2 1096 4402 967 4047 846 -2 733 3206 628 4006 531 4002 442 4338 361 3053 3904 3904 4136 4136 3628 3628 3857 3857 2705 2705 2654 2654 3562 3562 3441 3441 -2 2796 2796 -2 4353 4353 3161 3161 3591 3591 -2 4478 4478 2918 2918 -2 3007 3007 2903 2903 341 2808 418 4188 503 4317 596 2884 697 3993 806 3624 923 3665 1048 2683 1181 4299 1322 -2 1471 3143 1628 -2 1793 4157 1966 3602 2147 4228 2336 2581
2416 2606 2223 3942 2038 4598 1861 3440 1692 -2 1531 3816 1378 2959 1233 4425 1096 4185 967 4670 846 3023 733 -2 628 3612 531 4002 442 4338 361 360 360 359 359 358 358 357 357 356 356 355 355 354 354 353 353 352 352 351 351 350 350 349 349 348 348 347 347 346 346 345 345 344 344 343 343 342 342 2808 419 4188 504 4317 597 -2 698 2663 807 2554 924 -2 1049 2683 1182 -2 1323 4475 1472 -2 1629 2906 1794 -2 1967 3602 2148 4228 2337 2581
2415 2606 2222 3015 2037 4598 1860 2522 1691 3955 1530 2557 1377 -2 1232 4425 1095 4185 966 4670 845 3023 732 2899 627 3612 530 3792 441 3923 3923 4676 4676 2919 2919 2506 2506 -2 3590 3590 3180 3180 3062 3062 2692 2692 -2 3295 3295 4444 4444 2742 2742 -2 2724 2724 -2 3804 3804 4118 4118 2852 2852 3778 3778 3977 3977 -2 2931 2931 419 3925 504 4319 597 3075 698 2663 807 2554 924 4622 1049 -2 1182 2958 1323 4475 1472 2914 1629 2906 1794 4240 1967 -2 2148 -2 2337 -2
2415 3498 2222 3015 2037 4441 1860 2522 1691 3955 1530 2557 1377 2594 1232 2622 1095 3224 966 4435 845 3400 732 2899 627 -2 530 3792 441 440 440 439 439 438 438 437 437 436 436 435 435 434 434 433 433 432 432 431 431 430 430 429 429 428 428 427 427 426 426 425 425 424 424 423 423 422 422 421 421 420 420 3925 505 4319 598 3075 699 3418 808 2591 925 4622 1050 2734 1183 2958 1324 3068 1473 2914 1630 3556 1795 4240 1968 3293 2149 4391 2338 3124
2414 3498 2221 4045 2036 4441 1859 -2 1690 3154 1529 2738 1376 2594 1231 2622 1094 3224 965 4435 844 3400 731 3303 626 2666 529 -2 2697 2697 3845 3845 4499 4499 3123 3123 3713 3713 -2 4470 4470 2826 2826 4486 4486 4472 4472 -2 4214 4214 -2 3645 3645 -2 3751 3751 3550 3550 -2 4174 4174 3216 3216 2523 2523 3425 3425 4088 4088 -2 4565 4565 505 -2 598 3853 699 3418 808 2591 925 -2 1050 2734 1183 -2 1324 3068 1473 -2 1630 3556 1795 2647 1968 3293 2149 4391 2338 3124
2414 2707 2221 4045 2036 -2 1859 2830 1690 3154 1529 2738 1376 4560 1231 3812 1094 -2 965 3156 844 3721 731 3303 626 2666 529 528 528 527 527 526 526 525 525 524 524 523 523 522 522 521 521 520 520 519 519 518 518 517 517 516 516 515 515 514 514 513 513 512 512 511 511 510 510 509 509 508 508 507 507 506 506 4405 599 3853 700 3888 809 4154 926 2691 1051 3162 1184 3809 1325 4160 1474 3760 1631 -2 1796 2647 1969 4691 2150 2981 2339 4511
2413 2707 2220 3565 2035 4572 1858 2830 1689 3421 1528 4666 1375 4560 1230 3812 1093 4400 964 3156 843 3721 730 3402 625 4463 4463 -2 4217 4217 2945 2945 4410 4410 3614 3614 -2 3791 3791 4111 4111 4292 4292 3277 3277 3393 3393 -2 3025 3025 3193 3193 3291 3291 4532 4532 -2 4300 4300 4581 4581 3695 3695 2596 2596 -2 3693 3693 4078 4078 4352 4352 -2 4405 599 3415 700 3888 809 4154 926 2691 1051 3162 1184 3809 1325 4160 1474 3760 1631 3355 1796 4601 1969 4691 2150 2981 2339 4511
2413 4594 2220 3565 2035 4572 1858 -2 1689 3421 1528 4666 1375 3516 1230 2584 1093 4400 964 3704 843 3274 730 3402 625 624 624 623 623 622 622 621 621 620 620 619 619 618 618 617 617 616 616 615 615 614 614 613 613 612 612 611 611 610 610 609 609 608 608 607 607 606 606 605 605 604 604 603 603 602 602 601 601 600 600 3415 701 3878 810 3238 927 3465 1052 3755 1185 -2 1326 3682 1475 3681 1632 3355 1797 4601 1970 3940 2151 3094 2340 3739
2412 4594 2219 3797 2034 3377 1857 3626 1688 2719 1527 4613 1374 3516 1229 2584 1092 4487 963 3704 842 3274 729 -2 4105 4105 3709 3709 4549 4549 2907 2907 3369 3369 3896 3896 -2 3335 3335 -2 3281 3281 3500 3500 -2 3345 3345 4625 4625 -2 4019 4019 3720 3720 4615 4615 4361 4361 -2 4432 4432 4146 4146 -2 4261 4261 4125 4125 -2 4194 4194 -2 4284 4284 3215 3215 701 3878 810 3238 927 3465 1052 3755 1185 3105 1326 3682 1475 3681 1632 4554 1797 2629 1970 3940 2151 3094 2340 3739
2412 4061 2219 3797 2034 3377 1857 3626 1688 2719 1527 4613 1374 3055 1229 2679 1092 4487 963 4022 842 3260 729 728 728 727 727 726 726 725 725 724 724 723 723 722 722 721 721 720 720 719 719 718 718 717 717 716 716 715 715 714 714 713 713 712 712 711 711 710 710 709 709 708 708 707 707 706 706 705 705 704 704 703 703 702 702 2834 811 3726 928 3683 1053 -2 1186 3105 1327 3488 1476 3891 1633 4554 1798 2629 1971 -2 2152 -2 2341 2643
2411 4061 2218 3537 2033 2763 1856 2775 1687 4631 1526 3121 1373 3055 1228 2679 1091 3647 962 4022 841 3260 2737 2737 4302 4302 4566 4566 4124 4124 4325 4325 2658 2658 2625 2625 3116 3116 4198 4198 -2 4406 4406 3577 3577 4336 4336 2684 2684 3057 3057 -2 2592 2592 -2 3003 3003 2922 2922 4086 4086 -2 4437 4437 3242 3242 -2 3903 3903 3768 3768 3796 3796 3084 3084 2650 2650 2834 811 3726 928 3683 1053 2757 1186 4423 1327 3488 1476 3891 1633 4298 1798 2693 1971 4161 2152 2543 2341 2643
2411 2509 2218 3537 2033 2763 1856 2775 1687 4631 1526 3121 1373 2765 1228 -2 1091 3647 962 4349 841 840 840 839 839 838 838 837 837 836 836 835 835 834 834 833 833 832 832 831 831 830 830 829 829 828 828 827 827 826 826 825 825 824 824 823 823 822 822 821 821 820 820 819 819 818 818 817 817 816 816 815 815 814 814 813 813 812 812 4497 929 4600 1054 2757 1187 4423 1328 2525 1477 2820 1634 4298 1799 2693 1972 4161 2153 2543 2342 4379
2410 2509 2217 3540 2032 3018 1855 4678 1686 3435 1525 3256 1372 2765 1227 3187 1090 -2 961 4349 4089 4089 4265 4265 2832 2832 3259 3259 -2 4306 4306 -2 4440 4440 3470 3470 3972 3972 4484 4484 3504 3504 2774 2774 4004 4004 2505 2505 2824 2824 4082 4082 2567 2567 4171 4171 4424 4424 4539 4539 -2 3533 3533 2921 2921 3228 3228 3452 3452 2953 2953 4694 4694 2500 2500 4238 4238 4007 4007 4497 929 4600 1054 4506 1187 2847 1328 2525 1477 2820 1634 2660 1799 4653 1972 4195 2153 2771 2342 4379
2410 3840 2217 3540 2032 3018 1855 4678 1686 3435 1525 3256 1372 3837 1227 3187 1090 3455 961 960 960 959 959 958 958 957 957 956 956 955 955 954 954 953 953 952 952 951 951 950 950 949 949 948 948 947 947 946 946 945 945 944 944 943 943 942 942 941 941 940 940 939 939 938 938 937 937 936 936 935 935 934 934 933 933 932 932 931 931 930 930 4127 1055 4506 1188 2847 1329 -2 1478 -2 1635 2660 1800 4653 1973 4195 2154 2771 2343 -2
2409 3840 2216 3772 2031 3266 1854 4620 1685 -2 1524 -2 1371 3837 1226 -2 1089 3455 3774 3774 2917 2917 3146 3146 -2 2739 2739 3389 3389 3443 3443 4060 4060 3115 3115 -2 4131 4131 3296 3296 3299 3299 -2 3037 3037 -2 2798 2798 3346 3346 -2 4544 4544 4465 4465 3661 3661 4393 4393 3170 3170 2741 2741 -2 2814 2814 4187 4187 3508 3508 2544 2544 -2 2655 2655 -2 3205 3205 3125 3125 -2 4127 1055 3172 1188 3963 1329 3780 1478 3687 1635 3974 1800 4515 1973 -2 2154 3964 2343 4260
2409 -2 2216 3772 2031 3266 1854 4620 1685 3758 1524 4197 1371 -2 1226 2999 1089 1088 1088 1087 1087 1086 1086 1085 1085 1084 1084 1083 1083 1082 1082 1081 1081 1080 1080 1079 1079 1078 1078 1077 1077 1076 1076 1075 1075 1074 1074 1073 1073 1072 1072 1071 1071 1070 1070 1069 1069 1068 1068 1067 1067 1066 1066 1065 1065 1064 1064 1063 1063 1062 1062 1061 1061 1060 1060 1059 1059 1058 1058 1057 1057 1056 1056 3172 1189 3963 1330 3780 1479 3687 1636 3974 1801 4515 1974 3392 2155 3964 2344 4260
2408 2535 2215 -2 2030 -2 1853 3725 1684 3758 1523 4197 1370 4119 1225 2999 3633 3633 3246 3246 4439 4439 3468 3468 4491 4491 3378 3378 4309 4309 3024 3024 -2 3232 3232 -2 3375 3375 -2 3520 3520 4501 4501 -2 3622 3622 3564 3564 -2 3325 3325 2877 2877 3789 3789 3009 3009 3410 3410 4570 4570 4209 4209 2604 2604 4685 4685 2715 2715 -2 3311 3311 3817 3817 4207 4207 3898 3898 -2 4426 4426 4058 4058 -2 1189 -2 1330 2720 1479 3771 1636 4236 1801 3886 1974 3392 2155 2886 2344 3171
2408 2535 2215 3568 2030 2556 1853 3725 1684 -2 1523 3229 1370 4119 1225 1224 1224 1223 1223 1222 1222 1221 1221 1220 1220 1219 1219 1218 1218 1217 1217 1216 1216 1215 1215 1214 1214 1213 1213 1212 1212 1211 1211 1210 1210 1209 1209 1208 1208 1207 1207 1206 1206 1205 1205 1204 1204 1203 1203 1202 1202 1201 1201 1200 1200 1199 1199 1198 1198 1197 1197 1196 1196 1195 1195 1194 1194 1193 1193 1192 1192 1191 1191 1190 1190 3005 1331 2720 1480 3771 1637 4236 1802 3886 1975 -2 2156 2886 2345 3171
2407 -2 2214 3568 2029 2556 1852 2502 1683 3051 1522 3229 1369 3865 3865 -2 3437 3437 4689 4689 3663 3663 3666 3666 -2 4257 4257 -2 3411 3411 -2 3746 3746 -2 2777 2777 2756 2756 4575 4575 3899 3899 3030 3030 -2 2993 2993 4471 4471 4248 4248 3220 3220 3269 3269 -2 4505 4505 4587 4587 3930 3930 3233 3233 -2 3775 3775 4409 4409 -2 4206 4206 2549 2549 3856 3856 2967 2967 -2 2996 2996 -2 2930 2930 -2 3005 1331 -2 1480 4305 1637 2994 1802 3297 1975 3058 2156 4032 2345 2686
2407 2882 2214 4304 2029 3699 1852 2502 1683 3051 1522 -2 1369 1368 1368 1367 1367 1366 1366 1365 1365 1364 1364 1363 1363 1362 1362 1361 1361 1360 1360 1359 1359 1358 1358 1357 1357 1356 1356 1355 1355 1354 1354 1353 1353 1352 1352 1351 1351 1350 1350 1349 1349 1348 1348 1347 1347 1346 1346 1345 1345 1344 1344 1343 1343 1342 1342 1341 1341 1340 1340 1339 1339 1338 1338 1337 1337 1336 1336 1335 1335 1334 1334 1333 1333 1332 1332 2764 1481 4305 1638 2994 1803 3297 1976 3058 2157 4032 2346 2686
2406 2882 2213 4304 2028 3699 1851 -2 1682 3570 1521 2968 2968 4513 4513 4645 4645 4244 4244 3873 3873 4340 4340 2905 2905 2538 2538 3273 3273 3103 3103 3611 3611 4451 4451 3383 3383 -2 4262 4262 -2 3177 3177 3370 3370 -2 2665 2665 3493 3493 4520 4520 3785 3785 3934 3934 -2 3059 3059 4162 4162 4035 4035 -2 2973 2973 4493 4493 4318 4318 2745 2745 -2 3776 3776 2942 2942 -2 4256 4256 -2 4183 4183 -2 4040 4040 -2 2764 1481 3368 1638 2618 1803 3189 1976 4561 2157 -2 2346 -2
2406 4192 2213 4001 2028 2553 1851 3711 1682 3570 1521 1520 1520 1519 1519 1518 1518 1517 1517 1516 1516 1515 1515 1514 1514 1513 1513 1512 1512 1511 1511 1510 1510 1509 1509 1508 1508 1507 1507 1506 1506 1505 1505 1504 1504 1503 1503 1502 1502 1501 1501 1500 1500 1499 1499 1498 1498 1497 1497 1496 1496 1495 1495 1494 1494 1493 1493 1492 1492 1491 1491 1490 1490 1489 1489 1488 1488 1487 1487 1486 1486 1485 1485 1484 1484 1483 1483 1482 1482 3368 1639 2618 1804 3189 1977 4561 2158 3723 2347 2874
2405 4192 2212 4001 2027 2553 1850 3711 1681 4480 4480 2828 2828 4110 4110 3264 3264 -2 2955 2955 -2 3138 3138 3998 3998 -2 2670 2670 3036 3036 -2 3027 3027 4075 4075 4371 4371 4612 4612 2898 2898 -2 3385 3385 -2 4286 4286 2762 2762 3130 3130 4180 4180 3961 3961 -2 3029 3029 -2 3634 3634 2813 2813 3928 3928 2578 2578 -2 2891 2891 3960 3960 -2 3747 3747 -2 3752 3752 3397 3397 3765 3765 2631 2631 -2 2759 2759 3640 3640 -2 1639 3069 1804 -2 1977 3911 2158 3723 2347 2874
2405 3134 2212 -2 2027 -2 1850 3340 1681 1680 1680 1679 1679 1678 1678 1677 1677 1676 1676 1675 1675 1674 1674 1673 1673 1672 1672 1671 1671 1670 1670 1669 1669 1668 1668 1667 1667 1666 1666 1665 1665 1664 1664 1663 1663 1662 1662 1661 1661 1660 1660 1659 1659 1658 1658 1657 1657 1656 1656 1655 1655 1654 1654 1653 1653 1652 1652 1651 1651 1650 1650 1649 1649 1648 1648 1647 1647 1646 1646 1645 1645 1644 1644 1643 1643 1642 1642 1641 1641 1640 1640 3069 1805 2588 1978 3911 2159 4519 2348 4495
2404 3134 2211 3450 2026 3675 1849 3340 2577 2577 3019 3019 -2 3868 3868 3512 3512 3357 3357 -2 3941 3941 3373 3373 -2 2984 2984 -2 3831 3831 -2 3044 3044 4139 4139 3909 3909 3672 3672 3871 3871 -2 2887 2887 -2 2915 2915 3001 3001 3866 3866 3618 3618 3882 3882 -2 2609 2609 3519 3519 4303 4303 2894 2894 3549 3549 -2 3569 3569 3429 3429 4041 4041 -2 3708 3708 3046 3046 -2 3164 3164 3117 3117 3836 3836 3567 3567 3442 3442 -2 3844 3844 1805 2588 1978 2533 2159 4519 2348 4495
2404 3950 2211 3450 2026 3675 1849 1848 1848 1847 1847 1846 1846 1845 1845 1844 1844 1843 1843 1842 1842 1841 1841 1840 1840 1839 1839 1838 1838 1837 1837 1836 1836 1835 1835 1834 1834 1833 1833 1832 1832 1831 1831 1830 1830 1829 1829 1828 1828 1827 1827 1826 1826 1825 1825 1824 1824 1823 1823 1822 1822 1821 1821 1820 1820 1819 1819 1818 1818 1817 1817 1816 1816 1815 1815 1814 1814 1813 1813 1812 1812 1811 1811 1810 1810 1809 1809 1808 1808 1807 1807 1806 1806 4313 1979 2533 2160 2988 2349 3995
2403 3950 2210 3422 2025 3982 3982 4150 4150 -2 3326 3326 3854 3854 4481 4481 -2 4087 4087 4247 4247 3244 3244 -2 4051 4051 3894 3894 3638 3638 -2 3341 3341 -2 3063 3063 -2 3859 3859 -2 4618 4618 -2 4375 4375 3572 3572 -2 3144 3144 4579 4579 -2 2982 2982 -2 3557 3557 2645 2645 2712 2712 2947 2947 4384 4384 2772 2772 2937 2937 -2 3827 3827 2564 2564 4456 4456 2912 2912 2816 2816 4357 4357 3907 3907 -2 4589 4589 4443 4443 4141 4141 -2 4313 1979 3276 2160 2988 2349 3995
2403 3887 2210 3422 2025 2024 2024 2023 2023 2022 2022 2021 2021 2020 2020 2019 2019 2018 2018 2017 2017 2016 2016 2015 2015 2014 2014 2013 2013 2012 2012 2011 2011 2010 2010 2009 2009 2008 2008 2007 2007 2006 2006 2005 2005 2004 2004 2003 2003 2002 2002 2001 2001 2000 2000 1999 1999 1998 1998 1997 1997 1996 1996 1995 1995 1994 1994 1993 1993 1992 1992 1991 1991 1990 1990 1989 1989 1988 1988 1987 1987 1986 1986 1985 1985 1984 1984 1983 1983 1982 1982 1981 1981 1980 1980 3276 2161 4290 2350 4100
2402 3887 2209 -2 2829 2829 -2 3347 3347 2709 2709 3469 3469 2731 2731 4109 4109 -2 3188 3188 4595 4595 4029 4029 -2 4229 4229 4237 4237 3174 3174 3079 3079 4065 4065 -2 4301 4301 2924 2924 -2 3090 3090 -2 3621 3621 3065 3065 -2 4092 4092 3954 3954 3445 3445 -2 4567 4567 4023 4023 -2 4096 4096 3867 3867 -2 3262 3262 -2 2839 2839 4473 4473 3616 3616 4394 4394 2822 2822 4383 4383 3165 3165 -2 4608 4608 3384 3384 -2 3689 3689 4616 4616 -2 3948 3948 2161 4290 2350 4100
2402 3799 2209 2208 2208 2207 2207 2206 2206 2205 2205 2204 2204 2203 2203 2202 2202 2201 2201 2200 2200 2199 2199 2198 2198 2197 2197 2196 2196 2195 2195 2194 2194 2193 2193 2192 2192 2191 2191 2190 2190 2189 2189 2188 2188 2187 2187 2186 2186 2185 2185 2184 2184 2183 2183 2182 2182 2181 2181 2180 2180 2179 2179 2178 2178 2177 2177 2176 2176 2175 2175 2174 2174 2173 2173 2172 2172 2171 2171 2170 2170 2169 2169 2168 2168 2167 2167 2166 2166 2165 2165 2164 2164 2163 2163 2162 2162 4114 2351 -2
2401 3799 3651 3651 4446 4446 2703 2703 4140 4140 2892 2892 -2 2885 2885 -2 2752 2752 3388 3388 3249 3249 2896 2896 3158 3158 3563 3563 -2 4370 4370 4199 4199 3352 3352 4169 4169 -2 3026 3026 -2 2944 2944 3497 3497 2845 2845 -2 2943 2943 -2 3464 3464 4599 4599 3132 3132 4081 4081 -2 2986 2986 3833 3833 2537 2537 -2 4112 4112 -2 3947 3947 3580 3580 3219 3219 -2 3016 3016 3176 3176 3742 3742 4553 4553 3129 3129 2674 2674 -2 4507 4507 4518 4518 4212 4212 -2 4114 2351 2695
2401 2400 2400 2399 2399 2398 2398 2397 2397 2396 2396 2395 2395 2394 2394 2393 2393 2392 2392 2391 2391 2390 2390 2389 2389 2388 2388 2387 2387 2386 2386 2385 2385 2384 2384 2383 2383 2382 2382 2381 2381 2380 2380 2379 2379 2378 2378 2377 2377 2376 2376 2375 2375 2374 2374 2373 2373 2372 2372 2371 2371 2370 2370 2369 2369 2368 2368 2367 2367 2366 2366 2365 2365 2364 2364 2363 2363 2362 2362 2361 2361 2360 2360 2359 2359 2358 2358 2357 2357 2356 2356 2355 2355 2354 2354 2353 2353 2352 2352 2695
4489 4489 -2 4285 4285 -2 3741 3741 3360 3360 -2 3460 3460 3754 3754 4142 4142 3595 3595 4085 4085 3270 3270 4178 4178 4657 4657 4641 4641 3483 3483 4249 4249 -2 2548 2548 -2 3271 3271 4577 4577 3584 3584 -2 3921 3921 2825 2825 3795 3795 2682 2682 -2 3546 3546 3902 3902 3102 3102 3757 3757 -2 3120 3120 -2 3849 3849 3648 3648 4039 4039 4662 4662 3884 3884 3344 3344 2499 2499 2758 2758 -2 3676 3676 4055 4055 4545 4545 -2 3702 3702 -2 3876 3876 4093 4093 4466 4466 4621 4621
51 51
