100 100
1267 1041 1041 -2 495 2029 2029 722 343 4274 4274 269 4296 2903 1010 -2 1419 796 796 2067 2067 -2 1468 1468 2144 2144 450 450 843 843 4040 3660 82 82 4351 4351 773 773 3501 3686 2054 392 2913 2913 710 710 2657 -2 1738 -2 143 143 2748 2748 395 395 3783 3783 3555 2482 4020 4020 913 2654 1249 1600 1600 108 108 1326 1697 1690 4050 1142 1142 651 2825 2825 -2 2426 4584 4584 2533 2533 967 967 4298 4298 2673 2673 615 615 3021 2614 578 578 3558 -2 2196 -2
1267 4489 4489 2039 495 4332 1364 722 343 2027 4377 269 4296 2903 1010 985 1419 -2 3378 3378 3285 4324 -2 847 847 419 419 174 174 -2 4040 3660 4570 4570 2260 2260 928 2722 3501 3686 2054 392 3886 3886 4041 4041 2657 304 1738 555 555 1872 4565 1930 2266 3725 3725 -2 3555 2482 1949 1949 913 2654 1249 59 -2 2727 2727 1326 1697 1690 4050 605 605 651 892 892 3402 2426 3553 3553 453 -2 2247 2247 4153 3856 3856 538 2263 2765 3021 2614 -2 788 3558 3704 2196 1386
-2 510 510 2039 1378 4332 1364 4555 4555 2027 4377 897 897 561 -2 985 2430 2430 1434 1676 3285 4324 2888 1298 748 744 744 -2 611 2914 2914 2212 2212 992 281 281 928 2722 531 961 170 170 2770 2770 671 671 3460 304 1698 3213 2956 1872 4565 1930 2266 3948 4484 1013 3868 3868 -2 1829 -2 3727 3727 59 1900 1900 4509 3925 3925 1441 1441 3805 3057 3057 409 409 3402 351 351 -2 453 589 -2 3411 4153 1126 1126 538 2263 2765 -2 1768 90 788 980 3704 3301 1386
2935 3020 1775 1775 1378 1043 4531 4429 4429 3865 3865 4187 4187 561 3129 1557 3832 3832 1434 1676 2454 2454 2888 1298 748 4012 4372 4372 611 1701 1701 1571 1571 992 1403 1403 1533 1533 531 961 1369 3256 -2 2886 2886 3410 3460 -2 1698 3213 2956 756 756 1558 -2 3948 4484 1013 1586 3236 3236 1829 2554 2554 2223 2223 813 813 4509 4300 4300 4549 2969 3805 -2 824 824 4170 1268 3766 2205 2839 2839 589 2909 3411 4160 4160 1897 1897 2600 2600 3514 1768 90 3685 980 1157 3301 -2
2935 3020 2638 2638 2803 1043 4531 3342 1447 1447 1153 831 479 479 3129 1557 4059 4059 659 659 2395 2395 1236 3225 4202 4012 -2 3974 3757 3757 1707 1707 4070 2296 2296 3689 3689 4096 4096 845 1369 3256 3358 4081 3801 3410 533 533 1666 1666 -2 3762 3762 1558 746 746 991 991 1586 2130 3468 3468 2498 2498 1483 1483 2163 2126 2126 932 932 4549 2969 2787 2787 2855 205 4170 1268 3766 2205 4294 4294 1232 2909 3589 3589 1319 1319 2148 2148 1019 3514 3863 3696 3685 -2 1157 63 63
4397 2200 1982 1982 2803 2160 2160 3342 960 960 1153 831 -2 3114 3071 3071 4474 4474 3765 3583 3583 1564 1236 3225 4202 993 1539 3974 2816 2816 1583 1583 4070 3174 3174 2076 3656 3656 -2 845 73 73 3358 4081 3801 3540 3540 2038 283 -2 3905 3905 1517 1517 112 112 858 2873 2704 2130 -2 4002 4175 1593 1883 1883 2163 2577 -2 4011 4011 3655 3655 52 52 2855 205 745 745 4271 4198 2201 2201 1232 4582 822 822 -2 3102 888 -2 1019 -2 3863 3696 1999 1999 -2 3127 3127
4397 2200 4384 3413 2535 2535 2074 2074 -2 1032 1032 2202 2656 3114 535 2741 2741 214 3765 1085 -2 1564 1618 -2 3644 993 1539 2338 2338 2737 2334 2334 497 497 -2 2076 -2 703 703 2046 2046 1145 1145 3695 3695 502 502 2038 283 1215 1215 3521 4215 818 763 763 858 2873 2704 4256 1611 4002 4175 1593 825 825 4401 2577 693 693 1391 1391 4539 4539 1341 -2 4273 4273 3193 4271 4198 428 1338 1338 4582 1127 1127 874 3102 888 2570 2570 1320 2295 2295 -2 884 884 1543 1543
727 3975 4384 3413 3651 1861 3813 3813 933 933 -2 2202 2656 89 535 -2 2698 214 -2 1085 3982 -2 1618 3172 3644 3112 4101 1056 1056 2737 2680 4389 4389 -2 3546 4559 1159 1159 3475 3475 962 962 3011 4251 1506 1506 -2 3315 880 880 -2 3521 4215 818 4015 4015 195 195 -2 4256 1611 -2 3708 2717 2717 154 4401 4037 4037 1000 1000 2002 2002 263 1341 2844 2844 474 3193 4323 4323 428 -2 4017 4017 4192 4192 874 3969 3967 3967 -2 1320 4166 3988 3988 631 631 4036 4036
727 3975 4498 2792 3651 1861 1210 1210 3593 3593 273 4398 4398 89 2244 2244 2698 -2 2674 2674 3982 242 1018 3172 -2 3112 4101 3512 3512 -2 2680 787 260 260 3546 4559 3599 402 609 609 4468 4468 3011 4251 -2 1850 1850 3315 2892 2892 1005 4526 1022 1022 -2 547 547 -2 1171 1171 -2 1148 3708 109 -2 154 761 83 83 4488 4488 4293 4293 263 791 2773 2773 474 1563 1563 1207 2685 2685 3570 2293 496 496 2138 3969 4265 4265 911 911 4166 1520 1520 1033 1033 3568 3568
3159 3159 4498 2792 1168 1168 1840 431 431 3929 273 4459 2341 2341 -2 2771 2771 1567 1155 2917 2917 242 1018 908 908 -2 2165 2165 -2 3068 3068 787 971 -2 3741 3741 3599 402 -2 1401 1401 2217 2217 607 607 3246 2567 3601 4312 4312 1005 4526 53 53 2064 2064 4458 3821 2587 3919 1524 1148 -2 109 2790 -2 761 3383 3383 1256 1256 3326 3326 -2 791 2915 2915 1306 3992 3992 1207 173 173 3570 2293 640 640 2138 803 803 201 68 -2 783 1024 691 691 3298 4557 4506
3134 -2 577 577 3377 231 1840 -2 1344 3929 -2 4459 4537 1156 1156 1955 1955 1567 1155 -2 1771 1771 726 -2 2415 2415 2805 2561 2561 3461 275 600 971 2755 2755 3003 3003 -2 595 -2 2490 2490 -2 136 136 3246 2567 3601 1765 1765 67 67 2563 2563 4338 4338 4458 3821 2587 3919 1524 -2 1755 1755 2790 274 3367 3367 2315 3307 3307 3712 3712 2363 3629 3629 -2 1306 899 899 1908 686 686 3199 3812 2764 2764 129 129 120 201 68 2728 783 1024 123 123 3298 4557 4506
3134 1185 -2 3795 3377 231 3574 3574 1344 -2 4013 4013 4537 3212 3212 3797 4005 2977 2142 1273 3478 3478 726 2515 4083 3881 2805 2091 2797 3461 275 600 3336 3336 3033 3033 1100 2514 595 2970 -2 1177 629 629 2106 2106 -2 1169 1169 2442 653 1641 1641 4136 4136 3497 3497 3904 2306 -2 1783 1349 1349 3949 316 274 1718 1718 2315 2081 3943 3943 2103 2363 1632 1632 2214 2214 3284 115 1908 3148 3148 3199 3812 1416 2034 2034 -2 120 2132 4394 2728 -2 1854 2776 3463 -2 1598 1598
3276 1185 2204 3795 1570 1570 364 364 2759 2759 3294 4571 1565 1565 -2 3797 4005 2977 2142 1273 889 889 2521 2515 4083 3881 3947 2091 2797 2013 2513 2513 2115 2115 3241 3241 1100 2514 -2 2970 298 1177 2004 3586 3586 3828 3828 3684 -2 2442 653 1315 1315 2317 2317 2041 2041 3904 2306 895 1783 3851 3851 3949 316 2224 3530 3530 1187 2081 2400 2400 2103 3976 -2 1710 3710 2660 3284 115 1589 1589 1823 2981 2981 1416 -2 2492 1947 1257 2132 4394 318 318 1854 2776 3463 987 1321 4395
3276 -2 2204 -2 2370 2370 2418 2908 2908 3778 3294 4571 4027 1868 1868 2268 2268 4129 2290 3763 3763 -2 2521 481 481 -2 3947 -2 3930 2013 -2 3385 986 986 4457 4457 739 739 3121 4529 298 -2 2004 4142 4142 2394 -2 3684 3809 3809 3728 462 1938 1938 4089 -2 503 3645 1590 895 3924 3924 4204 4204 3126 2224 1822 1822 1187 3480 3480 4486 4486 3976 4199 1710 3710 2660 -2 75 75 -2 1823 500 3279 1575 1575 2492 1947 1257 1596 1596 1194 1194 3527 3527 1774 987 1321 4395
2853 2853 1979 1979 4196 4196 2418 4575 4575 3778 3085 457 4027 2631 2631 1644 1644 4129 2290 3425 3425 2455 -2 2192 2192 3713 1238 1238 3930 940 2149 3385 2278 4106 4106 3489 4164 4164 3121 4529 1946 1946 -2 3506 3506 2394 3185 3185 2658 2658 3728 462 1324 3989 4089 3843 503 3645 1590 846 846 -2 3317 3317 3126 2209 2209 122 122 2393 2766 3945 3945 959 4199 3031 3270 3472 3472 3374 2753 2753 -2 500 3279 1914 1229 3885 3885 2184 1906 1906 -2 1253 1451 2711 1774 3446 3446 240
2502 2502 2709 2709 2592 2592 -2 1573 2358 -2 3085 457 3144 3144 1895 1895 1431 2861 3364 4133 4133 2455 2575 1636 1636 3713 1182 2321 2321 940 2149 3407 2278 288 288 3489 -2 1237 1237 4007 905 3665 3665 3767 3767 3802 3676 3676 1717 -2 1004 1004 1324 3989 -2 3843 3702 3702 2833 2833 1235 516 3444 1405 1405 -2 3014 1478 445 2393 2766 4541 4541 959 3206 3031 3270 762 762 3374 -2 4207 4207 4590 4590 1914 1229 1592 2362 2184 -2 910 2742 1253 1451 2711 3716 1825 1825 240
1561 3866 728 362 362 2219 2219 1573 2358 3203 3203 1826 2030 1792 4472 4472 1431 2861 3364 4413 4413 303 2575 3739 3739 4131 1182 155 155 3542 3542 3407 941 3970 873 873 3251 4562 4562 4007 905 2553 2553 2905 2905 3802 4080 4080 1717 2318 2318 3424 3872 -2 1515 1515 3610 2852 3887 3887 1235 516 3444 4140 -2 1944 3014 1478 445 3932 3932 4344 4344 -2 3206 3303 2784 1772 4348 4348 3935 4432 2675 1552 1552 1436 -2 1592 2362 1703 1703 910 2742 -2 2396 2396 3716 872 872 -2
1561 3866 728 81 81 3194 3194 1082 1082 914 914 1826 2030 1792 1629 247 4259 254 254 2856 2856 303 2322 2322 -2 4131 2780 2626 1039 1039 -2 4039 941 3970 4032 4032 3251 1675 1675 816 4074 3661 3661 2237 3522 4025 327 327 -2 2335 -2 3424 3872 1635 4144 4144 3610 2852 -2 4190 2464 2464 1808 4140 927 1944 2883 3829 3829 3588 3588 1880 1880 3892 3892 3303 2784 1772 1683 1683 3935 4432 2675 612 612 1436 341 3737 3737 740 740 2890 2890 1439 4354 3215 3215 259 259 3201
380 4481 4430 2320 1649 1649 1130 442 442 1224 1224 3636 3636 4233 1629 247 4259 4361 2821 2821 2729 2729 3404 3404 999 999 2780 2626 3081 180 180 4039 -2 160 160 3820 -2 3060 3060 816 4074 3630 3630 2237 3522 4025 3348 1891 2419 2335 741 2399 2399 1635 4349 4349 2050 2050 1373 4190 2458 2458 1808 1614 927 -2 2883 1269 1269 1097 3152 2434 3579 3874 3874 -2 2235 2235 2428 1722 -2 954 954 4178 4178 204 341 -2 2989 2989 3064 3064 -2 1439 4354 62 62 4546 2092 3201
380 4481 4430 2320 920 920 1130 2555 -2 540 1059 4455 3043 4233 494 494 -2 4361 3371 3371 2353 2353 850 3549 656 639 639 -2 3081 3781 -2 4350 785 785 1708 3820 1652 1652 2118 335 1048 809 198 -2 2392 2392 3348 1891 2419 2408 741 3262 3262 -2 2929 2929 3573 3573 1373 3175 2517 1192 -2 1614 2026 2026 1037 1037 -2 1097 3152 2434 3579 4130 4130 1732 1152 1152 2428 1722 1766 4292 2222 2222 -2 204 -2 757 757 -2 477 477 2327 2327 2937 2937 4591 4546 2092 3464
1472 1472 3178 3178 1197 1197 1752 2555 1619 540 1059 4455 3043 391 1607 4058 4058 669 224 224 3838 3838 850 3549 656 2938 1527 55 55 3781 1866 4350 2866 2866 1708 -2 2309 2309 2118 335 1048 809 198 103 103 2775 4048 4533 4533 2408 3124 1656 1656 2073 -2 721 721 1278 1278 3175 2517 1192 2465 -2 996 1149 2016 1389 1389 900 900 199 199 4322 4322 1732 1912 1912 720 -2 1766 4292 2040 84 357 357 2166 2166 3117 1399 808 66 3760 3760 3369 3369 4591 3458 3458 3464
236 236 1184 1184 1217 1217 1752 -2 1619 3442 -2 2388 -2 391 1607 2718 2718 669 3396 3396 4052 1380 2272 2272 3612 2938 1527 3067 3067 -2 1866 3525 2171 1804 725 725 -2 1438 1508 1609 1736 1736 2664 2664 176 2775 4048 2975 1625 1625 3124 1711 1711 2073 1962 -2 2271 2271 2450 1075 1075 3243 2465 1924 996 1149 2016 -2 1116 1116 3726 3726 636 636 799 799 4447 4447 720 3104 3524 4022 2040 84 4519 2545 2545 -2 3117 1399 808 66 2095 1068 1068 3523 3523 990 4589 4589
749 749 2756 2636 3116 3116 3777 714 1150 3442 126 2388 3233 2605 2605 554 554 -2 1581 1581 4052 1380 4146 4146 3612 3486 3486 580 2292 2292 1240 3525 2171 1804 -2 2520 2520 1438 1508 1609 1424 1274 1274 569 176 2818 4448 2975 1578 1578 -2 2333 2333 4132 1962 2987 2987 637 2450 4107 -2 3243 3894 1924 3061 -2 1357 1357 3922 1060 1046 1046 4329 4329 2157 2157 1251 1251 1260 3104 3524 4022 867 867 4519 -2 1119 1550 909 1973 385 2733 2095 -2 3876 1605 167 990 2788 3143
789 789 2756 2636 968 968 3777 714 1150 3416 126 128 3233 807 3882 2440 2440 437 437 193 193 3125 883 883 401 3973 3973 580 368 -2 1240 3547 2439 2439 1849 1849 3344 3344 3218 3218 1424 -2 1887 569 -2 2818 4448 3373 3373 2049 2049 794 794 4132 -2 4066 -2 637 3105 4107 2325 2325 3894 -2 3061 2152 4158 4158 3922 1060 -2 1741 1741 121 121 1832 1832 -2 1260 546 546 -2 1591 4018 4462 4462 1119 1550 909 1973 385 2733 1889 1889 3876 1605 167 -2 2788 3143
4302 528 3252 3252 2448 983 983 4505 -2 3416 2387 128 -2 807 3882 3597 3597 2959 2959 1523 138 3125 3337 3337 401 3993 4473 1246 368 3053 3053 3547 -2 2173 3012 4446 4446 3002 3002 -2 582 582 1887 -2 522 522 758 758 1228 1970 1970 2540 2540 4419 4419 4066 592 592 3105 4230 4230 2871 2871 1476 1476 2152 -2 381 381 80 2182 2182 1602 2071 2071 2134 -2 2541 2541 -2 3836 3130 1591 4018 2037 2037 4362 4362 -2 1191 1191 1916 4492 4492 3132 3132 -2 1454 1454 3452
4302 528 2314 2314 2448 -2 2409 4505 2791 2895 2387 2677 2677 -2 2952 2075 2075 2651 2651 1523 138 3898 3482 3482 -2 3993 4473 1246 2595 2595 1462 1462 1790 2173 3012 1859 1859 1293 1293 3432 3432 2763 2763 2528 2528 4038 4038 4155 1228 4240 4240 3815 2304 559 -2 1081 -2 837 837 3822 3400 -2 4224 1412 1088 3624 2591 2591 -2 80 1079 1079 1602 124 124 2134 984 -2 1109 1109 3836 3130 -2 3494 3494 99 99 994 994 2441 2441 1916 1536 2746 2746 4234 4234 3744 3744 3452
188 2700 2700 -2 3346 3346 2409 -2 2791 2895 3107 3107 2145 2145 2952 4222 4014 2008 2008 1608 1608 3898 2670 2670 3259 3259 2511 2231 3677 -2 3923 3923 1790 -2 2052 2052 4108 4108 323 323 -2 165 2351 2186 3095 3357 2021 4155 3606 4390 4390 3815 2304 559 2090 1081 1213 4094 4094 3822 3400 2557 4224 1412 1088 3624 2459 2459 2350 4485 4485 4281 4281 3255 3255 -2 984 4502 4502 3987 550 550 1340 1340 2864 2864 467 717 4420 4420 2445 2445 1536 507 1748 1748 3479 3479 3683 2524
188 1154 1154 922 922 1637 4550 2487 2487 4558 4558 1996 -2 944 944 4222 4014 875 4327 4327 4449 1531 4263 125 125 3541 2511 2231 3677 2655 2655 587 587 3717 3717 3706 3706 1794 -2 603 603 165 2351 2186 3095 3357 2021 3234 3606 2669 2669 -2 4063 3854 2090 3877 1213 -2 1831 3825 3825 2557 4211 1328 1398 1398 2965 2965 2350 3707 3242 3324 3324 4426 4426 1050 1050 185 185 3987 2036 2910 2910 1086 1455 2401 467 717 3703 3703 2964 268 2835 507 4326 4326 4383 4383 3683 2524
163 -2 1761 828 3352 1637 4550 3433 3433 2612 2612 1996 2265 3376 3323 3323 -2 875 838 838 4449 1531 4263 2105 2105 3541 1824 4009 2276 4252 4252 -2 658 4572 2586 257 257 1794 366 366 -2 2424 2424 4264 144 144 2705 3234 4220 4220 3773 3773 4063 3854 3516 3877 1724 1724 1831 3322 3322 142 4211 1328 1021 1021 -2 3186 3186 3707 3242 -2 189 189 3306 3306 -2 852 852 -2 2036 764 764 1086 1455 2401 2551 -2 482 482 2964 268 2835 -2 88 88 3313 3313 2795 2795
163 2716 1761 828 3352 -2 2055 2530 664 664 1307 2053 2265 3376 3748 3748 4275 2930 1202 1202 -2 3582 3582 3544 266 266 1824 4009 2276 3448 3049 3049 658 4572 2586 2604 2604 1265 1265 4522 663 663 3430 4264 4280 4280 2705 4206 3240 3240 484 484 3788 3788 3516 3419 3419 1417 1417 499 499 142 3269 3269 -2 2880 2880 1262 3786 3786 4523 1713 4236 1670 1670 -2 2598 1040 1040 2760 1730 1730 -2 79 4480 4480 2551 2585 3477 3477 1464 1481 226 3742 3742 -2 4339 4339 -2 4159
2906 2716 634 1981 2357 2357 2055 2530 2479 -2 1307 2053 2043 -2 570 570 4275 2930 2842 2842 469 469 -2 3544 1971 -2 1186 1186 -2 3448 290 556 1066 1066 -2 1042 1042 -2 4378 4522 1345 1345 3430 583 583 4145 842 4206 -2 4029 3561 3177 -2 1989 1989 2215 2215 1709 4556 4556 2999 2999 4431 1745 2058 2058 3280 1262 4186 4186 4523 1713 4236 3310 3310 488 2598 2547 2547 2760 -2 1026 3329 79 -2 1312 1312 2585 1548 1548 1464 1481 226 3013 3013 1780 1780 114 2811 4159
2906 -2 634 1981 -2 1954 1760 1760 2479 1878 4381 -2 2043 1402 1402 -2 2863 2863 -2 1008 1008 3305 2593 -2 1971 2616 2616 3170 3170 3490 290 556 -2 3517 804 804 4400 4400 4378 3481 3481 4470 4470 -2 172 4145 842 3454 574 4029 3561 3177 3761 2329 2329 3715 3715 1709 3934 3934 -2 1133 4431 1745 1816 1816 3280 3457 3457 2380 2243 1549 1549 4478 2789 488 1660 2308 829 1904 1904 1026 3329 4306 4379 4379 780 3231 3231 2385 -2 1440 1440 -2 2127 2127 -2 114 2811 -2
-2 208 208 -2 2667 1954 -2 3485 3485 1878 4381 3652 -2 2769 265 265 3459 3459 1180 1180 541 3305 2593 2133 4573 64 64 885 885 3490 -2 1599 1599 3517 3072 2662 2001 2001 2274 2274 3883 3883 347 347 172 2945 2945 3454 574 -2 3366 576 3761 -2 328 -2 3401 3401 4376 1225 1225 1133 -2 4078 981 2135 2135 3668 4053 2380 2243 4267 709 4478 2789 3691 1660 2308 829 3161 2783 -2 526 4306 4406 4406 780 2640 2640 2385 1442 1442 3341 3341 3998 -2 3964 1509 2267 679
2390 2390 51 51 2667 1778 1778 3318 -2 1108 1108 3652 1875 2769 4042 4042 2590 2590 72 72 541 3768 3768 2133 4573 243 3520 3520 3169 390 3738 1634 61 61 3072 2662 4410 4410 1248 1303 3266 3266 107 107 2904 2904 544 2433 536 536 3366 576 2398 3743 328 1546 1546 4148 4376 1869 3470 1669 1669 4078 981 3643 3643 3668 4053 1542 1542 4267 709 995 3023 3691 1704 1704 -2 3161 2783 4370 526 1569 1569 -2 2732 2732 3909 3909 -2 248 688 688 3998 2083 3964 1509 2267 679
3503 3503 -2 976 976 3146 3146 3318 3487 4127 4127 -2 1875 1584 4118 4118 -2 3983 3983 1353 1353 3758 3871 4577 4270 243 1842 -2 3169 390 3738 1634 2611 3951 1222 869 869 2006 1248 1303 3273 3273 3754 2848 2848 1953 544 2433 3293 3293 -2 3047 2398 3743 452 2829 2829 4148 654 1869 3470 -2 4508 3619 3619 4545 1432 1385 1385 2497 2497 1122 -2 995 3023 280 280 2939 988 790 790 4370 1198 -2 4238 4238 194 194 3220 832 832 248 -2 1719 1719 2083 1877 1877 863 863
929 929 478 478 648 3753 3692 3692 3487 2891 132 132 3535 1584 2955 3368 864 1118 1118 534 -2 3758 3871 4577 4270 2110 1842 382 2193 2193 2896 2782 2611 3951 1222 3806 3806 2006 -2 3091 3091 1870 3754 -2 4266 1953 1837 1837 -2 4193 705 3047 4226 4226 452 3782 1316 1316 654 3025 3025 4031 4508 91 91 4545 1432 4320 3736 2259 2966 1122 1692 1692 743 743 1695 2939 988 2990 2990 2997 1198 3370 3370 -2 1382 1382 3220 4181 1902 3647 2218 2218 4004 360 360 514 514 4232
-2 3816 3816 3913 648 3753 406 -2 3498 2891 3343 3343 3535 3268 2955 3368 864 2435 2435 534 3361 3361 4405 4405 291 2110 -2 382 -2 1495 2896 2782 4441 4441 877 877 3335 3335 3139 3139 2484 1870 3388 3388 4266 1252 1252 -2 3390 4193 705 3732 -2 284 3453 3782 815 2104 1131 1131 -2 4031 3045 3045 -2 2273 2273 4320 3736 2259 2966 1035 1035 -2 363 363 1695 -2 2962 2962 -2 2997 3873 498 498 2624 2624 4071 4071 4181 1902 3647 3359 2485 4004 1721 1721 610 92 4232
4147 4147 2723 3913 3965 3965 406 2603 3498 518 -2 3190 3190 3268 2785 2785 -2 348 4357 4357 3861 3861 1659 1659 291 3245 3245 3711 3711 1495 3254 3944 3944 -2 4227 4227 -2 2345 2345 2045 2484 4102 4102 598 598 1986 1628 1628 3390 681 -2 3732 552 284 3453 4086 815 2104 1069 827 827 4114 4114 1044 1044 -2 1747 1747 2562 2562 1680 374 374 3626 3626 820 820 1740 1740 3462 3462 4567 3873 -2 1337 4169 3896 3083 3083 3087 3087 4077 3359 2485 1538 1538 1779 610 92 4428
1017 1017 2723 4122 4122 4440 4440 2603 3167 518 772 3942 3580 3879 3879 3551 3551 348 599 2819 4276 1751 668 668 -2 520 520 1936 4006 4355 3254 3914 3914 3730 3730 3466 1821 1821 -2 2045 798 798 1673 4180 4180 1986 3859 3859 2436 681 69 69 552 1452 1452 4086 2644 -2 1069 256 256 373 2608 2568 54 54 1459 1459 106 2410 1680 851 1957 1957 3670 3670 2233 2233 1160 1160 258 4567 1959 1959 1337 4169 3896 2261 1655 394 394 4077 2650 184 4337 4337 1779 2087 2087 4428
1498 1498 2618 3675 3941 4422 1310 1310 3167 1995 772 3942 3580 1917 1917 -2 3995 3995 599 2819 4276 1751 2284 2284 3147 3147 3531 1936 4006 4355 -2 3074 3581 -2 389 3466 1689 1689 271 -2 3156 3156 1673 346 3063 3382 3917 2995 2436 -2 1843 1843 2216 -2 557 557 2644 4023 4023 4461 4461 373 2608 2568 4194 145 145 -2 106 2410 -2 851 4057 4057 356 2151 2151 -2 1206 -2 258 1413 4143 386 -2 2255 2255 2261 1655 2014 2014 4218 2650 184 1029 3375 2601 2943 1473 1473
3431 3431 2618 3675 3941 4422 4580 1158 1158 1995 489 489 3611 3611 2648 3986 935 848 3239 3239 76 76 1220 1220 4380 4380 3531 1098 1098 4123 4123 3074 3581 2941 389 4305 4305 1903 271 3226 3226 1216 -2 346 3063 3382 3917 2995 -2 1443 2462 3327 2216 1522 3137 3334 3334 352 893 893 3426 3109 3109 -2 4194 -2 1106 1106 2610 2610 1219 2800 4483 4483 356 -2 2153 2153 1206 3202 1099 1413 4143 386 934 4060 4060 4203 1094 723 723 4218 1258 -2 1029 3375 2601 2943 3271 3271
3283 3283 2918 2918 3026 3026 4580 466 1706 1706 973 973 393 393 2648 3986 935 848 2183 2183 4119 4205 1838 1838 950 950 3966 3966 6 6 7 7 8 2941 4493 1291 1291 1903 1465 4566 3221 1216 483 1504 1504 736 736 2814 3080 1443 2462 3327 -2 1522 3137 3625 3625 352 1844 1844 3426 2397 2397 3173 3173 3018 3018 635 1544 1544 1219 2800 -2 3096 3096 3769 3769 4150 4150 3202 1099 3272 3272 4156 934 -2 133 4203 1094 4195 -2 870 1258 1933 326 326 2950 2950 778 778
314 509 509 3445 784 3006 1034 466 1408 1408 370 -2 3572 3572 -2 4165 4165 4246 4246 2047 4119 4205 4120 4120 3427 2475 2475 -2 5 -2 3694 3694 8 3796 4493 2596 2596 -2 1465 4566 3221 2031 483 -2 2251 2420 -2 2814 3080 1096 3439 3439 2503 3248 3248 329 1084 1084 4092 4092 1072 1072 -2 2048 2048 2364 2364 635 2012 2012 3774 3774 2927 2936 2936 -2 2552 2537 2537 1919 230 2982 2982 4156 -2 2086 133 2018 2018 4195 2627 870 2659 1933 2694 2548 2548 2228 4016 4016
314 2336 2336 3445 784 3006 1034 2367 2367 2326 370 3421 3421 -2 3037 3037 -2 560 560 2047 1351 1351 3577 3577 3427 1942 4 4 5 85 85 3423 9 3796 4219 2622 -2 2550 -2 3735 3735 2031 4109 529 2251 2420 943 4082 4082 1096 768 835 2503 -2 2066 329 2843 2578 -2 4356 4356 695 695 -2 702 3598 -2 397 397 1422 724 3219 2927 3195 3015 1801 2552 -2 606 1919 230 -2 3150 3157 3157 2086 1297 1297 -2 324 2627 2242 2659 -2 2694 2877 2877 2228 1077 1115
4244 4244 3600 -2 3034 3034 2726 4403 4403 2326 -2 3184 3184 3688 3688 1963 1963 -2 1470 1470 -2 447 447 4237 4237 1942 3 1657 1519 1519 -2 3423 9 1888 4219 2622 3639 2550 2744 2744 3469 3469 4109 529 1491 1491 943 421 421 -2 768 835 -2 2944 2066 -2 2843 2578 4115 -2 618 618 3526 3526 702 3598 1762 2156 2156 1422 724 3219 3889 3195 3015 1801 1121 1121 606 628 628 1387 3150 3510 3510 2449 1879 3051 3051 324 -2 2242 2750 1890 1890 4516 3415 3415 1077 1115
3488 3488 3600 2609 2609 1510 2726 2985 694 694 3507 3507 -2 1218 1218 2630 2630 3671 3671 1961 2469 3771 632 2181 2 2 3 1657 16 15 15 3537 10 1888 777 777 3639 2466 2466 2806 2806 -2 3258 3258 140 2584 517 1166 1166 4079 3351 3852 3852 2944 3406 3406 3646 3646 4115 2107 2107 3842 3842 -2 1243 -2 1762 1672 1672 3893 1053 3075 3889 1750 1750 308 3604 147 147 2486 2486 1387 4548 4548 1874 2449 1879 2330 2330 4272 4272 2681 2750 3422 3422 4516 2100 2100 4235 4235
-2 2446 678 4396 4396 1510 2376 2985 -2 252 3278 712 712 -2 774 774 3576 4216 -2 1961 2469 3771 632 2181 1 1595 1595 1987 16 1806 14 3537 10 3403 -2 3244 3244 4088 4088 708 708 965 3533 3533 140 2584 517 4141 4141 4079 3351 2925 2925 1139 3789 3789 2044 2044 3862 1931 2594 4257 4257 3149 1243 623 623 1305 1305 3893 1053 3075 353 2343 -2 308 3604 -2 4247 4247 4295 4295 3052 4299 1874 4105 4105 485 377 377 -2 2681 1329 1329 1418 1418 -2 2652 1712 1712
1015 2446 678 2841 2841 -2 2376 -2 672 252 3278 1104 1080 1080 699 699 3576 4216 1767 1767 23 22 22 3759 1 0 0 1987 17 1806 14 3314 11 3403 1658 1658 1089 296 296 4515 4515 965 4333 4333 1016 486 486 1526 1526 601 601 2476 2476 1139 2062 2062 3295 3295 3862 1931 2594 1487 3784 3149 4201 4201 -2 1726 3216 707 1654 -2 353 2343 1480 1480 4210 4210 2025 2025 1135 1135 3052 4299 2286 2286 4286 485 1620 1620 4104 4104 1500 1500 3770 1559 1559 2652 1929 1929
1015 2963 2963 2980 2980 2391 2349 1965 672 300 -2 1104 2874 2874 4200 1409 647 4162 4162 -2 23 771 21 3759 -2 1446 1446 -2 17 4365 13 3314 11 3903 -2 836 1089 463 3004 3950 4534 -2 4258 4258 1016 -2 3799 3799 2679 2679 2836 101 101 3084 4117 2846 4290 4319 3151 3151 2870 1487 3784 -2 471 471 1371 1726 3216 707 1654 4341 4341 523 2731 -2 3955 3955 -2 814 814 2719 2719 1295 1295 4028 4286 2122 2122 2175 2175 524 4501 4501 3770 2566 2566 2506 2506 493
3409 3409 -2 715 715 2391 2349 1965 -2 300 3123 3123 169 169 4200 1409 647 2146 2146 1764 24 771 21 20 20 19 19 18 18 4365 13 12 12 3903 3733 836 -2 463 3004 3950 4534 1414 2661 2661 4436 4436 3297 3297 4311 919 2836 181 -2 3084 4117 2846 4290 4319 3867 -2 2870 1023 1023 4287 4287 969 1371 -2 1396 1396 -2 2068 2068 523 2731 4425 4425 244 3642 2299 4001 4001 -2 2529 3119 4028 -2 1411 1411 2282 2282 524 4560 2384 2692 4171 4171 213 -2 493
1233 3750 3750 1070 1070 3779 1555 1555 2743 2743 130 1172 1172 141 141 1064 1064 -2 505 1764 24 3223 3223 881 881 422 -2 1348 2079 2079 -2 2245 2245 -2 3733 -2 1421 1421 3977 3977 2206 1414 241 241 105 105 -2 3379 4311 919 -2 181 1950 1950 1998 1998 2246 369 3867 1493 2633 3984 3984 2461 2461 969 1234 1234 3408 2078 2078 -2 2302 237 2137 4437 949 244 3642 2299 1143 4442 102 2529 3119 4325 4325 4331 4331 1525 4490 4254 4560 2384 2692 295 295 213 1941 1941
1233 641 641 -2 2972 3779 4544 2872 -2 3493 130 -2 2101 2451 2451 -2 4008 4008 505 416 25 25 26 3637 3637 422 2820 1348 -2 1788 3963 -2 3954 3954 3545 3545 3380 -2 997 997 2206 2447 3250 339 339 3354 3354 3379 2416 2416 690 690 -2 2499 2686 2686 2246 369 2799 1493 2633 1776 1776 948 948 -2 1284 1284 3408 3718 3249 3249 2302 237 2137 4437 949 -2 2389 2389 1143 4442 102 4285 4285 4460 412 2185 1014 1525 4490 4254 1937 1937 -2 2544 2544 -2 3089 3089
2912 1331 4364 4364 2972 3556 4544 2872 3724 3493 4103 4103 2101 -2 1867 1863 -2 2111 2111 416 3345 3345 26 -2 3349 2471 2820 -2 3122 1788 3963 3088 3088 1313 1313 282 3380 334 1534 2754 2754 2447 3250 1770 2504 -2 760 760 -2 2089 2089 49 49 2499 1221 1311 1311 1753 2799 2974 1991 3189 3319 3319 1857 1857 4443 4443 159 3718 -2 1926 1926 2526 1212 551 4412 4412 2897 2897 -2 2226 2226 925 925 4460 412 2185 1014 4435 4435 4221 4530 4530 1471 2973 2973 272 272 -2
2912 1331 1925 1201 1201 3556 229 229 3724 310 2619 110 2922 759 1867 1863 2706 2706 1503 1503 -2 2190 27 3566 3349 2471 407 407 3122 3417 3417 1687 4342 2208 2208 282 2473 334 1534 4507 747 747 4019 1770 2504 217 217 1165 1165 1622 309 434 -2 2319 1221 2720 2477 1753 1479 2974 1991 3189 931 931 4177 1674 1674 706 159 619 2774 2774 937 2526 1212 551 2298 2298 2809 118 118 673 4085 3207 3207 515 1894 4279 4279 2994 2994 4221 -2 1858 1471 -2 1827 1485 4229 2275
2751 2751 1925 152 1091 1091 -2 435 435 310 2619 110 2922 759 487 487 3000 2254 2254 753 753 2190 27 3566 -2 1277 3720 3720 3113 3113 4444 1687 4342 2738 1809 1809 2473 4197 1271 4507 2683 2683 4019 -2 3101 375 375 -2 775 1622 309 434 77 2319 781 2720 2477 127 1479 4359 4359 2868 2868 -2 4177 1437 1437 706 -2 619 3723 3723 937 -2 1784 1819 2887 2735 2809 2960 2468 673 4085 3355 4393 515 1894 1785 1785 -2 2702 2510 2510 1858 3136 3136 1827 1485 4229 2275
3471 3471 -2 152 2381 -2 183 183 2813 372 372 4321 4321 -2 3160 3160 3000 -2 2519 2519 29 28 28 3290 3290 1277 3957 1734 1997 1997 4444 2007 2007 2738 3389 1852 1852 4197 1271 -2 3291 3291 472 472 3101 966 966 1128 775 -2 119 119 77 2508 781 1103 -2 127 4161 4161 2407 2407 4068 4068 3230 302 1136 1136 2150 3265 2444 2597 312 312 1784 1819 2887 2735 -2 2960 2468 2478 2478 3355 4393 4482 4482 3855 3855 4520 2702 -2 1735 1735 2911 4253 -2 4137 3133 3133
1255 1255 4228 -2 2381 907 4149 4149 2813 3591 1449 1449 4439 2953 2953 3392 3392 3090 3135 3135 29 3870 3870 1638 3325 -2 3957 1734 4433 4433 2817 2778 2571 207 3389 821 511 511 3048 3048 202 1289 1289 4262 387 3785 3785 1128 4336 521 400 -2 537 2508 -2 1103 1757 841 841 3217 3921 1884 1884 3338 3230 302 3653 -2 2150 3265 2444 2597 2495 3663 3663 399 399 -2 1682 1682 2099 2099 1535 1521 2613 2613 581 359 359 4520 733 733 4392 4392 2911 4253 1090 4137 633 633
2303 3640 4228 3328 3328 907 866 866 -2 3591 2822 2822 4439 -2 3062 3062 -2 3090 31 30 30 1002 1002 1638 3325 2176 2176 3848 3848 -2 2817 2778 2571 207 3764 821 -2 2057 2057 -2 202 4024 4024 4262 387 2414 4495 4495 4336 521 400 525 537 -2 134 4525 1757 -2 1646 3217 3921 2172 1163 3338 2579 2579 3653 307 3110 3110 1797 1797 2495 548 2155 4532 4532 2642 -2 1664 1664 3168 1535 1521 2005 3559 581 2978 2978 -2 3539 3539 -2 131 3183 3183 1090 -2 2697 2697
2303 3640 666 666 596 596 1062 1062 2080 2080 475 225 225 1020 3991 3699 513 2840 31 4452 4452 426 1356 1356 1051 1051 2437 1146 1146 3959 3959 1693 553 3858 3764 -2 1910 1910 2615 2615 1820 3106 1406 675 675 2414 433 3985 1553 564 -2 525 220 220 134 4525 1992 1992 1646 1720 1720 2172 1163 157 1343 1343 3288 307 2739 4471 2588 1733 1733 548 2155 4188 4188 2642 2283 3339 3339 3168 3654 306 2005 3559 1729 1729 1514 1514 1071 1071 3017 131 2287 3532 3548 3332 3332 1027
1885 817 817 3705 3705 2056 4174 4174 4475 4475 475 -2 2377 1020 3991 3699 513 2840 32 32 33 426 2573 2573 3509 4124 2437 1003 1003 -2 1691 1693 553 3858 887 887 425 425 1642 2022 1820 3106 1406 -2 3111 3111 433 3985 1553 564 2366 209 -2 1943 1943 4314 4314 2312 2312 2838 4368 4288 3554 157 -2 1333 3288 -2 2739 4471 2588 -2 4030 4030 4543 4543 3483 3483 2283 4454 355 355 3654 306 1647 1647 2088 2088 1388 3827 3827 -2 3017 -2 2287 3532 3548 2639 2639 1027
1885 1367 1367 3120 3120 2056 2422 2422 -2 2628 2628 4386 2377 2368 2368 78 1009 1009 332 332 33 2549 685 1031 3509 4124 2532 2532 3563 3563 1691 1640 1640 508 -2 1805 1805 2178 1642 2022 904 766 766 2000 2000 -2 325 2356 2356 444 2366 209 95 95 -2 3602 3602 -2 3041 2838 4368 4288 3554 -2 3936 1333 -2 4043 287 287 3066 3066 770 -2 3745 3745 1815 1815 473 4454 584 584 4524 4524 3491 3491 1282 246 1388 -2 2452 1839 -2 594 594 3790 2348 -2 1568 1568
3562 1923 3145 3145 1807 1807 2772 2772 1012 1012 3722 4386 -2 3996 3996 78 245 245 200 200 34 2549 685 1031 2523 1547 1547 4044 4044 2241 2241 267 267 508 2794 3209 3209 2178 3038 3038 904 1296 989 4411 4411 1739 325 4579 1814 444 1164 1420 1420 2213 3780 1798 1798 2136 3041 -2 3312 3312 -2 383 3936 2159 2159 4043 3391 2802 2802 4110 770 1901 1901 1112 1112 -2 473 2221 903 903 613 -2 3592 3592 1282 246 4487 4487 2452 1839 3840 3840 -2 3790 2348 3007 3007 -2
3562 1923 4116 4116 1594 1594 3247 3247 320 -2 3722 3502 3502 1905 1905 921 -2 1330 4189 4189 34 2815 1501 1501 2523 3484 -2 3100 4125 -2 1623 -2 3900 3900 2794 2629 713 3154 3198 2028 2028 1296 989 1427 1427 1739 -2 4579 1814 -2 1164 4527 4527 2213 3780 250 250 2136 -2 898 898 2102 2102 383 -2 3721 3830 3830 3391 833 491 4110 -2 964 3849 3849 1299 2250 -2 2221 2767 2767 613 2576 2576 1304 405 405 4168 4168 890 -2 2858 2858 2643 2158 3467 3467 -2 2179
975 1482 1482 454 -2 111 111 -2 320 336 3584 3584 -2 3440 -2 921 313 1330 36 35 35 2815 -2 2786 1484 3484 367 3100 4125 4477 1623 859 859 3029 3029 2629 713 3154 3198 2147 2147 2993 765 998 448 448 571 571 3808 3808 2923 1107 689 689 1541 1541 -2 590 590 4335 2371 4026 2583 4434 4434 3721 4075 297 -2 833 491 4277 2210 964 3912 3912 1299 2250 1302 2180 519 1588 1588 797 797 1304 2169 -2 2347 2347 890 1488 1488 -2 2643 2158 -2 3365 3365 2179
975 730 730 454 3164 3353 -2 2082 2082 336 -2 2696 2696 3440 588 -2 313 3693 36 4423 4423 432 432 2786 1484 -2 367 376 376 4477 3952 3027 2154 4402 4402 216 216 2114 358 358 -2 2993 765 998 -2 3794 3794 342 1975 1975 2923 1107 299 299 3455 3455 676 3308 -2 4335 2371 4026 2583 1456 2035 1175 4075 297 1803 1532 1532 4277 2210 113 113 2460 2460 -2 1302 2180 519 1057 1057 -2 1990 1990 2169 2359 2359 3076 3076 -2 4152 4152 104 2009 2009 1512 1512 -2
1463 398 398 3968 3164 3353 1475 1685 1308 2374 1782 2798 3534 3321 588 1200 2757 3693 37 4334 -1 45 45 4182 3590 3590 -2 2569 1511 1511 3952 3027 2154 3603 4551 2926 2926 2114 137 137 151 1725 -2 3792 3792 2463 -2 342 -2 3386 3386 1529 901 901 3046 3046 676 3308 1466 1466 -2 2898 2898 1456 2035 1175 4352 -2 1803 731 -2 2522 4387 -2 1360 1360 3500 3500 -2 608 4353 677 97 97 3059 -2 3700 -2 349 3853 -2 565 565 2934 104 424 3746 3746 2928 2065
1463 3709 3709 3968 -2 902 1475 1685 1308 2374 1782 2798 3534 3321 1400 1200 2757 340 37 4334 3465 3465 44 4182 -2 221 221 2569 1865 3560 3953 3953 2879 3603 4551 146 146 2277 2277 3634 151 1725 403 2509 2509 2463 1582 1582 782 782 2837 1529 2758 -2 2884 2884 2559 1977 3238 3238 861 2581 238 3227 3227 470 4352 60 262 731 1335 2522 4387 1241 1851 978 978 4328 4328 608 4353 677 1964 1964 3059 562 3700 3070 349 3853 461 4561 4561 2934 1830 424 149 149 2928 2065
4069 4069 1633 1633 701 902 3939 3939 1945 1945 3682 593 3814 -2 1400 2249 2249 340 38 38 39 -2 44 43 43 4310 4360 4360 1865 3560 65 1882 2879 -2 361 361 4511 4511 -2 3634 464 464 403 1190 1190 -2 1686 -2 802 -2 2837 3094 2758 3398 1952 -2 2559 1977 792 792 861 2581 238 542 542 470 1727 60 262 752 1335 3911 3911 1241 1851 3690 1279 2232 1489 1489 3632 3632 1811 2878 2878 562 3010 3070 4316 4316 461 4097 2632 4099 1830 4564 3289 156 1742 3847
4309 4309 1092 649 701 700 700 3613 87 -2 3682 593 3814 2413 2413 2291 2291 1940 1147 -2 39 2297 2297 -2 42 4310 939 -2 4415 4415 65 1882 -2 1102 1102 -2 1376 1376 2691 2691 -2 3845 3845 396 396 2457 1686 449 802 135 135 3094 -2 3398 1952 1876 3188 3188 4301 4301 539 -2 2170 2170 4521 4521 1727 2199 2900 752 568 1363 1363 1699 1699 3690 1279 2232 4154 3166 1423 -2 1811 4424 4231 -2 3010 3131 3131 3920 3920 4097 2632 4099 4208 4564 3289 156 1742 3847
429 4113 1092 649 2968 3669 1848 3613 87 2112 -2 946 946 4297 742 177 177 1940 1147 3054 40 40 41 41 42 3667 939 2386 2386 4456 698 698 2077 2701 894 894 2827 3040 1390 1390 4499 4499 168 168 3237 2457 -2 449 -2 3751 1368 2285 2285 1384 1384 1876 3595 3595 3387 3387 539 2033 2033 -2 3701 4283 4283 2199 2900 4466 568 868 868 1972 1972 317 3140 -2 4154 3166 1423 1280 1280 4424 4231 3550 3550 -2 1696 1696 3042 3042 -2 3616 4208 3473 3473 1974 74 74
429 4113 2869 465 2968 3669 1848 1055 1055 2112 2527 2527 4033 4297 742 527 -2 3844 1994 3054 1985 1196 1196 1662 1662 3667 4269 4409 4409 4456 1881 1189 2077 2701 -2 1681 2827 3040 2976 2976 878 878 2542 -2 3237 -2 1025 1259 1259 3751 1368 -2 2693 2693 3205 4315 3569 1342 -2 3980 3980 3817 3817 1354 3701 3633 3633 1899 1899 4466 3333 3333 4003 1677 -2 317 3140 3281 2229 3079 3079 4318 4318 2289 -2 1580 -2 1061 1061 4504 4504 -2 2024 3616 -2 1562 1562 1974 3347 1179
1445 1445 2869 465 1800 1800 -2 4065 4261 3309 3309 2051 4033 3564 3564 527 4076 3844 1994 -2 1985 630 630 -2 930 930 4269 3187 924 924 1881 1189 86 2096 2096 1681 460 150 585 585 2558 2558 2542 1626 3008 3008 1025 926 926 3450 -2 1789 117 704 3205 4315 3569 1342 3296 -2 586 2195 2195 1354 786 614 614 2804 2804 2699 2931 4242 4003 1677 3605 -2 3811 3281 2229 4284 -2 418 4330 2289 1846 1580 2749 2749 1486 1841 1841 255 2024 2063 856 2688 2688 293 3347 1179
384 384 2832 2832 -2 1624 2617 4065 4261 -2 1621 2051 -2 1643 2589 2589 4076 3055 3055 46 -2 4054 4054 3032 3032 2305 -2 3187 -2 1047 3405 211 86 1572 1572 -2 460 150 3772 427 427 1375 4585 1626 4241 3513 4139 1855 1855 3450 3267 1789 117 704 2881 2881 2850 2850 3296 1227 586 1502 1502 -2 786 2745 1063 1063 -2 2699 2931 4242 1374 1802 3605 1920 3811 -2 2140 4284 1151 418 4330 2402 1846 3257 1648 1648 1486 -2 3787 255 -2 2063 856 1702 1702 293 4045 4045
-2 3552 3552 3092 3092 1624 2617 1275 4121 4121 1621 2194 2194 1643 -2 955 955 2947 2947 46 1960 3395 1138 2339 2339 2305 3648 4185 1325 1047 3405 211 -2 2411 2411 853 853 -2 3772 354 354 1375 4585 4510 4241 3513 4139 -2 2198 2198 3267 -2 4212 4212 1270 187 4358 3609 3609 1227 4184 4184 -2 2505 2505 2745 3638 1556 3627 3627 3024 2238 1374 1802 70 1920 1124 2240 2140 -2 1151 684 684 2402 1853 3257 2438 1932 410 410 3787 718 2425 -2 285 285 2862 2862 1065 -2
2361 2361 2580 2580 222 222 -2 1275 1049 1049 1309 1309 -2 4217 4217 2236 2781 512 512 -2 1960 3395 1138 4463 4463 -2 3648 4185 1325 1397 -2 1286 2620 2620 -2 1731 1731 844 844 2143 2143 834 834 4510 2355 2355 1052 2258 2258 -2 2443 2443 1359 1359 1270 187 4358 2932 2932 2957 2120 735 1226 1226 3997 3997 3638 1556 4583 3097 3024 2238 -2 591 70 -2 1124 2240 -2 3543 3543 -2 795 795 1853 1078 2438 1932 3933 3719 3719 718 2425 116 116 -2 315 -2 1065 2070
2360 2360 -2 2264 2264 2456 2456 441 441 1836 3210 4128 4128 2564 2564 2236 2781 4250 4250 1261 3747 3747 3142 251 1528 1528 -2 2713 2713 1397 3384 1286 4051 4051 2011 415 415 734 1663 -2 192 192 3902 1073 3232 3232 1052 4282 1211 1095 1095 -2 2668 2668 2423 4000 311 2565 2565 2957 2120 735 1818 1818 1203 1203 3158 2857 4583 3097 3118 206 206 591 4421 2141 1140 1292 667 4157 2404 2404 3274 1668 1668 1078 -2 4371 3933 -2 2678 2678 456 456 197 197 315 1358 1358 2070
1231 4369 4369 882 882 3508 3508 1058 1058 1836 3210 1513 1513 -2 379 379 -2 190 190 1261 4373 3587 3142 251 2889 2889 3019 3019 3141 3141 3384 3888 1577 2708 2011 4366 4366 734 1663 1744 -2 2518 3902 1073 2707 2634 2634 4282 1211 162 162 227 3673 3673 2423 4000 311 -2 3664 3664 2332 2332 -2 96 1576 1576 3158 2857 3505 3505 3118 2488 2488 -2 4421 2141 1140 1292 667 4157 3504 621 3274 719 -2 936 936 4371 1322 1322 3798 3798 1530 2097 2097 -2 2252 2996 1247 1601
1231 2740 2740 3635 4021 3028 276 3474 896 -2 1909 3875 3098 2560 2560 4243 1918 1918 1087 1087 4373 3587 -2 4248 2015 2015 2946 2665 1173 4467 4467 3888 1577 2708 3495 3495 4578 3697 3697 1744 1951 2518 1011 1011 2707 3846 3846 175 175 3659 2307 227 625 624 823 823 2949 2949 3833 -2 1958 3631 4049 96 -2 697 3800 3800 1230 1969 953 3915 3915 871 871 661 3607 3607 4427 4427 3504 621 1893 719 3155 2637 2637 4407 4407 -2 3538 3538 1530 2828 2641 166 2252 2996 1247 1601
3412 3412 -2 3635 4021 3028 276 3474 896 543 1909 3875 3098 1545 4126 4243 3518 3518 -2 218 218 186 186 4248 4214 4214 2946 2665 1173 4112 4112 1132 1132 -2 1377 1377 4578 732 732 -2 1951 957 1317 3990 3990 2684 2684 158 158 3659 2307 1181 625 624 3016 3016 1540 1540 3833 2412 1958 3631 4049 3036 3036 697 854 854 1230 1969 953 3261 2017 2017 -2 661 2885 2885 2983 3890 4091 4091 1893 -2 3155 1651 3940 3940 4497 2951 3058 3282 3282 2828 2641 166 -2 2919 2919 2998
2623 1587 1587 1976 2721 2721 2823 2810 2810 543 3214 3214 4408 1545 4126 1301 1301 -2 292 292 1007 3756 3756 1749 1749 438 438 3623 3623 1361 751 -2 602 602 1948 1948 4500 2429 2429 1430 638 957 1317 2958 2958 -2 3330 1239 1239 2621 -2 1181 1195 1195 3962 2606 2606 2123 2123 2412 2239 3680 2072 2072 4093 4093 -2 938 938 1835 1835 3261 2480 2480 1864 -2 4388 4388 2983 3890 -2 2234 3420 338 319 1651 1688 1688 4497 2951 3058 -2 1833 1379 1379 3860 963 1679 1679 2998
2623 1715 1715 1976 3734 3734 2823 3224 2270 2507 2921 2921 4408 1300 1458 93 3264 3657 3657 -2 1007 1244 1244 1093 4476 4476 3878 458 3810 1361 751 414 3115 3115 2128 2128 4500 1554 1314 1430 638 1162 178 178 3662 3662 3330 4453 2599 2621 3044 3044 3931 -2 3962 -2 1743 1743 891 891 2239 3680 1604 1604 436 436 3714 1272 50 2472 2472 492 492 -2 1864 4172 793 4517 4517 4260 4260 2234 3420 338 319 643 643 2061 2061 -2 2796 2796 1833 3397 3397 3860 963 1076 1076 -2
2546 2546 1617 2525 2525 2736 2736 3224 2270 2507 1067 2666 2666 1300 1458 93 3264 331 2645 1810 4343 1134 -2 1093 3163 3163 3878 458 3810 2432 2432 414 2894 182 182 3927 3927 1554 1314 3618 3618 1162 -2 2730 2730 3971 3971 4453 2599 2646 2646 -2 3931 1394 1394 2116 2116 -2 4151 3340 3340 278 278 4191 1907 3946 3714 1272 50 468 2671 -2 3791 3791 860 4172 793 3030 3030 3681 4576 443 443 2986 2986 1461 1796 1796 506 3065 -2 2162 3916 3437 3437 1054 4064 2689 3434 3434
750 -2 1617 4308 4308 3176 3192 3192 -2 286 1067 -2 378 378 3650 3650 -2 331 2645 1810 4343 1134 1334 1334 2747 2747 203 411 411 -2 330 330 2894 2316 2316 4087 4087 4563 4563 1759 1759 -2 2761 2761 -2 1477 1477 4465 3864 -2 1393 4213 4213 -2 3617 3617 3978 3978 4151 1828 1828 2979 2979 4191 1907 3946 3381 3381 501 468 2671 2207 2207 3910 860 1714 1773 1773 -2 3681 4576 2924 2924 3363 2109 1461 3320 1793 506 3065 2344 2162 3916 652 958 1054 4064 2689 164 164
750 417 417 1383 -2 3176 1737 2971 3819 286 4111 687 -2 1746 3740 3740 3292 1984 1984 2337 2337 1448 1448 1631 1631 3005 203 404 2602 2602 1030 1030 1038 1188 1188 -2 1209 1209 3857 4223 2094 1653 -2 2113 2113 4417 4417 4465 3864 3316 1393 430 430 1860 1860 -2 3826 3826 3807 3441 3731 3731 4588 4588 2188 2188 -2 3078 501 1754 1754 4586 4586 3910 1993 1714 1956 1956 322 228 665 277 277 3363 2109 1968 3320 1793 179 2556 2344 1671 1671 652 958 1490 1490 1728 4249 2500
3138 3138 -2 1383 1336 1967 1737 2971 3819 249 4111 687 2248 1746 3622 3622 3292 2032 2032 3585 2262 1183 1183 2042 2042 3005 1327 404 1444 1444 2257 2257 1038 -2 2427 2427 1661 1661 3857 4223 2094 1653 4450 4450 -2 711 711 223 223 3316 -2 3880 3880 1433 -2 1684 3906 -2 3807 3441 -2 2405 2405 2060 4304 -2 1450 3078 952 952 2342 2342 2324 2324 1993 -2 2084 4416 322 228 665 1616 1616 3082 3082 1968 3108 3108 179 2556 -2 2280 2280 2865 2865 3235 3235 1728 4249 2500
1799 2020 3492 3492 1336 1967 2494 2494 -2 249 1921 2826 2248 1469 1469 1460 1460 3897 4173 3585 2262 1001 4391 4391 2191 2191 1327 2768 2768 1892 3839 3418 3418 2724 2724 -2 812 812 3443 3443 840 3196 2225 2854 2854 3222 3511 3511 3350 769 769 4414 1763 1433 1613 1684 3906 3191 1083 3938 3938 3428 3428 2060 4304 2734 1450 2211 2211 2168 2168 4528 4528 4445 1873 1873 2084 4416 2375 4095 4095 -2 1769 1769 645 645 191 2085 3099 1856 2801 234 234 -2 100 100 -2 532 532 627
1799 2020 -2 646 -2 2481 2481 -2 2256 2256 1921 2826 657 2379 2379 1123 1123 3897 4173 1922 1922 1001 1111 738 161 161 -2 1113 1113 1892 3839 2539 2834 261 261 862 -2 2808 2313 1551 840 3196 2225 3436 3436 3222 1474 680 3350 3596 -2 4414 1763 -2 1613 942 942 3191 1083 3620 3620 -2 2876 2687 2687 2734 947 1366 2121 2121 -2 4062 4062 4445 3818 3818 800 800 2375 -2 2489 4100 2882 2882 371 371 191 2085 3099 1856 2801 2715 -2 3200 4552 4552 839 682 -2 627
1110 2582 2582 646 1318 294 294 819 819 4514 4514 4138 657 1645 1645 617 617 2860 2860 1845 -2 2227 1111 738 3658 3658 3372 1817 -2 2954 2954 2539 2834 4176 4176 862 212 2808 2313 1551 -2 2098 2098 451 451 -2 1474 680 -2 3596 3499 972 972 4072 3804 3804 3056 3056 3729 3729 3824 3824 2876 3211 3211 -2 947 1366 549 2406 1276 1276 1650 1988 1435 4209 2174 3414 2901 1813 2489 4100 1006 2187 3926 2010 4245 4245 3103 3103 -2 2715 2543 3200 3869 3869 839 682 1339 1339
1110 1426 1426 -2 1318 -2 4313 4163 4163 2830 2830 4138 2672 2672 4385 4385 3958 2710 2710 1845 642 2227 2531 2531 3674 1579 3372 1817 3608 3608 -2 1294 -2 1983 1983 -2 212 4540 4540 3907 2851 2851 3362 3362 865 865 2916 2607 2607 1678 3499 4464 4464 4072 4303 270 4496 4496 3899 3899 3429 3429 3823 683 1898 1898 1161 1161 549 2406 3961 3961 1650 1988 1435 4209 2174 3414 2901 1813 1365 1365 1006 2187 3926 2010 -2 2346 2346 -2 662 662 2543 1415 446 -2 3260 3260 1347 3073
344 1781 1781 2378 2378 3666 4313 4574 4574 2117 148 2663 4518 4518 -2 977 3958 -2 1223 -2 642 47 3901 3901 3674 1579 1886 480 4494 4494 1610 1294 530 530 3035 2859 4307 2310 3571 3907 776 776 3981 3981 3229 3229 2916 2762 -2 1678 1362 1362 3972 3972 4303 270 3519 2164 3641 1137 3679 3679 3823 683 4347 4056 2372 2372 563 563 2847 2847 2382 3908 3908 -2 239 239 -2 1174 1174 264 -2 1407 1407 729 2491 545 620 301 1939 2625 915 1415 446 408 4479 2712 1347 3073
344 2992 2992 830 830 3666 2695 4098 4098 2117 148 2663 4134 2793 2793 977 -2 1694 1223 3128 3956 47 3536 3536 1120 1120 1886 480 2824 918 1610 3331 2383 3039 3035 2859 4307 2310 3571 3287 4374 4374 1208 1208 1630 2649 -2 2762 3438 1453 1453 -2 1395 4340 4340 -2 3519 2164 3641 1137 572 1758 -2 3009 4347 4056 660 660 801 801 1144 1144 2382 -2 1129 1129 -2 3300 3300 2538 2538 264 1927 1927 -2 729 2491 545 620 301 1939 2625 915 917 917 408 4479 2712 232 232
2574 2574 -2 1494 1494 2023 2695 -2 1560 1560 3456 3456 4134 4399 4375 4375 3831 1694 4538 3128 3956 1665 1665 -2 3557 3557 -2 2373 2824 918 3311 3331 2383 3039 -2 3937 3937 305 305 3287 3263 3299 1787 3515 1630 2649 916 916 3438 3837 3837 1370 1395 1045 2230 2230 3162 333 333 3165 572 1758 3884 3009 -2 1574 1574 566 233 233 2812 2812 4047 4047 -2 3687 3567 3567 4345 2534 2534 1786 3621 3621 2867 2867 -2 3960 350 2417 2417 970 439 -2 2253 2253 2536 2536 3304 3304
413 413 94 3228 3228 2023 215 3496 459 -2 196 4291 4291 4399 1913 -2 3831 279 4538 -2 2467 -2 2831 3835 -2 2125 2125 2373 567 567 3311 4084 4084 3449 3449 626 626 -2 1036 1036 3263 3299 1787 3515 4536 2177 3393 3393 -2 2501 2501 1370 1627 1045 692 4278 3162 4035 4035 3165 3447 3447 3884 979 979 2294 1141 566 -2 1496 1496 2647 1812 622 622 3687 476 476 4345 1716 1716 1786 810 440 440 1350 1350 3960 350 1639 1639 970 439 2967 2967 -2 1911 1911 -2 3253
674 -2 94 1355 1355 -2 215 3496 459 650 196 -2 696 696 1913 3918 3918 279 3069 3069 2467 826 2831 3835 2119 4268 1756 4568 4568 755 1199 1518 1518 3286 3286 -2 253 253 4179 4179 1467 1467 -2 1980 4536 2177 4010 3528 2220 1170 1170 -2 1627 -2 692 4278 3204 3204 2311 2421 2421 3529 3529 3086 455 2294 1141 2942 2942 2288 2288 2647 1812 3614 3614 210 210 1245 1245 504 504 -2 810 1254 1074 -2 2496 2496 3399 912 912 1497 4569 974 974 2703 3394 3394 3850 3253
674 3451 3451 -2 3775 3775 4346 579 579 650 2323 2323 1266 1266 4404 4404 -2 3275 3275 2961 2961 826 951 3649 2119 4268 1756 3050 1429 755 1199 2124 2124 1457 1457 2093 2093 779 779 1597 1597 3208 3208 1980 1392 1392 4010 3528 2220 1323 1323 2403 2167 2167 4587 604 4581 3994 2311 2493 2493 1896 1896 3086 455 754 754 4034 4034 289 4512 4512 -2 805 2069 2069 1428 849 849 2328 1285 1285 1499 1254 1074 2682 2682 -2 3399 3093 -2 1497 4569 879 879 2703 1928 1928 3850 3891
655 855 3153 3153 737 -2 4346 321 321 1178 1178 4225 4225 3698 4553 4553 575 575 3575 4554 2189 3834 951 3649 2352 923 923 3050 1429 -2 3672 3672 616 616 -2 3793 3793 1381 4535 4535 1263 1263 -2 1492 2059 2161 4317 -2 3277 3277 -2 2403 4183 4183 4587 604 4581 3994 -2 2003 2003 4046 139 139 1935 2331 2331 388 388 289 -2 1603 1603 805 1250 1250 1428 -2 4382 2328 2779 -2 1499 1214 2281 2281 4055 1176 945 3093 2907 2907 1242 2948 2948 -2 4239 4135 4135 3891
655 855 -2 153 737 3181 2139 4503 3565 2197 1101 3077 3077 3698 1667 2279 4542 4542 3575 4554 2189 3834 1410 1410 2352 1612 1612 56 -2 423 -2 1566 1566 -2 219 2354 2354 1381 1114 4469 2653 2653 2984 1492 2059 2161 4317 2933 2933 -2 2807 1290 1290 558 3302 1537 716 1281 1281 2512 2512 4046 4061 490 1935 3182 3182 3360 3360 597 597 4067 235 4090 4090 2845 2752 811 4382 -2 2779 1705 1705 1214 -2 3001 4055 1176 945 -2 2300 2300 1242 -2 4513 4513 4239 -2 3979 1585
3180 982 982 153 -2 3181 2139 4503 3565 2197 1101 -2 1288 1288 1667 2279 1332 1332 644 644 2131 2131 -2 171 171 365 2690 56 71 423 3841 -2 1205 1205 219 -2 3895 3895 1114 4469 3803 3803 2984 1283 1283 3171 -2 767 767 4367 2807 1287 1028 558 3302 1537 716 1505 3678 -2 1117 1117 4061 490 -2 1871 1871 1978 1978 956 3999 4067 235 1404 1404 2845 2752 811 1346 1346 3928 -2 670 2019 3628 3001 48 48 2777 2777 4438 4451 2849 2849 2725 4547 4547 3578 3979 1585
3180 57 57 -2 4418 4418 2301 2301 2129 1193 2470 2470 1934 1934 4363 4363 1507 1507 4073 4073 2714 3356 3356 2875 2875 365 2690 420 71 2340 3841 857 857 1795 2676 1606 98 98 1723 1723 1966 3179 -2 876 876 3171 2203 2203 3476 4367 1847 1287 1028 2572 2572 3022 3022 1505 3678 1862 3435 2369 2369 1105 4289 3776 3615 2991 2991 956 3999 -2 2635 2635 2483 2483 1352 2474 1125 1125 3928 345 670 2019 3628 3197 3197 2893 2893 3755 4438 4451 1915 1915 2725 2899 2899 3578 2940 2920
1516 1516 2453 2453 4167 4167 1615 1615 2129 1193 3752 3752 3594 3594 906 906 -2 1777 1777 -2 2714 -2 2431 2431 -2 1425 1425 420 -2 2340 1167 1167 -2 1795 2676 1606 1372 1372 2516 2516 1966 3179 3749 3749 806 806 4491 4491 3476 -2 1847 -2 1791 1791 1834 1834 4255 4255 -2 1862 3435 2108 2108 1105 4289 3776 3615 337 337 2988 2988 1264 1264 58 58 -2 1352 2474 -2 886 886 345 573 573 -2 1204 1204 2902 2902 3755 -2 2269 2269 2365 2365 -2 1700 1700 2940 2920
48 27
