15 15
-2 72 72 58 58 71 71 55 55 42 42 -2 56 60 -2
65 67 67 0 0 1 1 2 50 50 94 94 56 60 49
65 -2 70 70 -2 96 96 2 26 26 38 38 43 43 49
77 18 18 19 37 4 3 3 82 82 45 -2 39 39 103
77 17 64 19 37 4 68 68 59 -2 45 54 90 21 103
92 17 64 -1 -2 5 20 20 59 24 73 54 90 21 93
92 16 53 53 101 5 97 75 75 24 73 -2 30 30 93
78 16 15 15 101 6 97 31 31 47 47 27 46 79 79
78 86 86 14 48 6 40 40 -2 35 98 27 46 63 83
95 80 69 14 48 7 -2 62 62 35 98 87 -2 63 83
95 80 69 13 44 7 76 76 -2 22 34 87 29 29 32
102 12 12 13 44 8 41 74 74 22 34 25 36 57 32
102 11 28 28 -2 8 41 23 61 81 81 25 36 57 66
89 11 10 10 9 9 -2 23 61 52 52 84 88 -2 66
89 91 91 100 100 85 85 99 99 51 51 84 88 33 33
2 4
