50 50
1028 709 709 875 875 938 938 -2 1010 1010 780 780 896 896 888 888 809 809 1070 1070 628 628 -2 1109 1109 1160 1160 1101 1101 1116 1116 882 882 681 681 742 742 971 971 1046 1046 743 743 1098 1098 1137 1137 -2 963 963
1028 552 552 553 553 554 554 555 555 556 556 557 557 558 558 559 559 560 560 561 561 562 562 563 563 564 564 565 565 566 566 567 567 568 568 569 569 570 570 571 571 572 572 573 573 574 574 575 575 576
-2 551 -2 898 898 1087 1087 -2 662 662 -2 772 772 797 797 -2 1020 1020 1140 1140 985 985 -2 966 966 859 859 -2 745 745 1072 1072 858 858 977 977 702 702 836 836 806 806 1150 1150 624 624 -2 682 682 576
775 551 921 462 462 463 463 464 464 465 465 466 466 467 467 468 468 469 469 470 470 471 471 472 472 473 473 474 474 475 475 476 476 477 477 478 478 479 479 480 480 481 481 482 482 483 483 484 -2 577
775 550 921 461 783 785 785 -2 950 950 705 705 -2 660 660 1171 1171 1042 1042 839 839 -2 868 868 670 670 686 686 1144 1144 -2 1048 1048 747 747 -2 852 852 916 916 732 732 1145 1145 -2 837 837 484 656 577
746 550 812 461 783 380 380 381 381 382 382 383 383 384 384 385 385 386 386 387 387 388 388 389 389 390 390 391 391 392 392 393 393 394 394 395 395 396 396 397 397 398 398 399 399 400 -2 485 656 578
746 549 812 460 958 379 -2 625 625 1112 1112 945 945 -2 845 845 1003 1003 1113 1113 738 738 -2 1064 1064 774 774 872 872 -2 1164 1164 891 891 -2 1049 1049 726 726 928 928 706 706 -2 972 400 866 485 956 578
-2 549 918 460 958 379 1088 306 306 307 307 308 308 309 309 310 310 311 311 312 312 313 313 314 314 315 315 316 316 317 317 318 318 319 319 320 320 321 321 322 322 323 323 324 972 401 866 486 956 579
1039 548 918 459 1115 378 1088 305 718 991 991 952 952 1037 1037 689 689 -2 863 863 789 789 1004 1004 857 857 -2 723 723 -2 762 762 925 925 714 714 984 984 1110 1110 -2 897 897 324 1071 401 685 486 1056 579
1039 548 -2 459 1115 378 678 305 718 240 240 241 241 242 242 243 243 244 244 245 245 246 246 247 247 248 248 249 249 250 250 251 251 252 252 253 253 254 254 255 255 256 -2 325 1071 402 685 487 1056 580
-2 547 955 458 1154 377 678 304 953 239 931 931 -2 1139 1139 959 959 -2 1134 1134 1073 1073 970 970 1156 1156 927 927 -2 879 879 1172 1172 889 889 699 699 760 760 1146 1146 256 978 325 -2 402 701 487 1135 580
750 547 955 458 1154 377 937 304 953 239 1158 182 182 183 183 184 184 185 185 186 186 187 187 188 188 189 189 190 190 191 191 192 192 193 193 194 194 195 195 196 717 257 978 326 933 403 701 488 1135 581
750 546 930 457 694 376 937 303 -2 238 1158 181 1126 1126 1011 1011 939 939 -2 715 715 -2 1102 1102 710 710 848 848 -2 734 734 -2 798 798 652 652 -2 805 805 196 717 257 1025 326 933 403 1022 488 967 581
1097 546 930 457 694 376 -2 303 768 238 1047 181 -2 132 132 133 133 134 134 135 135 136 136 137 137 138 138 139 139 140 140 141 141 142 142 143 143 144 713 197 671 258 1025 327 795 404 1022 489 967 582
1097 545 -2 456 914 375 683 302 768 237 1047 180 1151 131 790 790 1085 1085 1108 1108 913 913 -2 811 811 -2 975 975 1121 1121 1162 1162 1104 1104 1086 1086 1100 144 713 197 671 258 1125 327 795 404 948 489 1067 582
-2 545 1001 456 914 375 683 302 1044 237 -2 180 1151 131 -2 90 90 91 91 92 92 93 93 94 94 95 95 96 96 97 97 98 98 99 99 100 1100 145 828 198 881 259 1125 328 -2 405 948 490 1067 583
954 544 1001 455 979 374 653 301 1044 236 1059 179 838 130 658 89 999 996 996 690 690 1032 1032 993 993 842 842 -2 1019 1019 1168 1168 627 627 1129 100 1014 145 828 198 881 259 675 328 727 405 779 490 964 583
954 544 -2 455 979 374 653 301 -2 236 1059 179 838 130 658 89 999 56 56 57 57 58 58 59 59 60 60 61 61 62 62 63 63 64 1129 101 1014 146 666 199 629 260 675 329 727 406 779 491 964 584
-2 543 1068 454 -2 373 1091 300 756 235 951 178 -2 129 -2 88 1155 55 1132 1132 679 679 1114 1114 721 721 949 949 -2 816 816 748 748 64 1122 101 687 146 666 199 629 260 943 329 1078 406 1017 491 862 584
793 543 1068 454 773 373 1091 300 756 235 951 178 691 129 661 88 1155 55 1152 30 30 31 31 32 32 33 33 34 34 35 35 36 829 65 1122 102 687 147 1015 200 -2 261 943 330 1078 407 1017 492 862 585
793 542 -2 453 773 372 -2 299 808 234 -2 177 691 128 661 87 813 54 1152 29 639 676 676 739 739 981 981 815 815 -2 1033 36 829 65 649 102 1092 147 1015 200 854 261 -2 330 -2 407 1093 492 781 585
791 542 867 453 840 372 767 299 808 234 1060 177 1119 128 -2 87 813 54 982 29 639 12 12 13 13 14 14 15 15 16 1033 37 1006 66 649 103 1092 148 1027 201 854 262 704 331 901 408 1093 493 781 586
791 541 867 452 840 371 767 298 1159 233 1060 176 1119 127 880 86 1052 53 982 28 830 11 1161 667 667 -2 650 650 725 16 820 37 1006 66 -2 103 1096 148 1027 201 1149 262 704 331 901 408 752 493 641 586
-2 541 -2 452 1081 371 643 298 1159 233 936 176 -2 127 880 86 1052 53 763 28 830 11 1161 2 2 3 3 4 725 17 820 38 1066 67 1065 104 1096 149 895 202 1149 263 1012 332 -2 409 752 494 641 587
637 540 761 451 1081 370 643 297 655 232 936 175 784 126 632 85 -2 52 763 27 884 10 698 1 712 712 -2 4 737 17 861 38 1066 67 1065 104 1055 149 895 202 800 263 1012 332 1130 409 902 494 1021 587
637 540 761 451 -2 370 -2 297 655 232 766 175 784 126 632 85 744 52 1076 27 884 10 698 1 0 0 871 5 737 18 861 39 -2 68 1082 105 1055 150 1075 203 800 264 -2 333 1130 410 902 495 1021 588
-2 539 944 450 908 369 735 296 915 231 766 174 968 125 -2 84 744 51 1076 26 1128 9 -2 870 870 -2 871 5 960 18 -2 39 733 68 1082 105 909 150 1075 203 708 264 1018 333 843 410 1103 495 716 588
940 539 944 450 908 369 735 296 915 231 -2 174 968 125 1038 84 -2 51 -2 26 1128 9 8 8 7 7 6 6 960 19 849 40 733 69 -2 106 909 151 1131 204 708 265 1018 334 843 411 1103 496 716 589
940 538 651 449 -2 368 -2 295 1002 230 1057 173 -2 124 1038 83 680 50 1007 25 635 635 823 823 -2 755 755 885 885 19 849 40 923 69 817 106 1141 151 1131 204 992 265 -2 334 640 411 1035 496 -2 589
-2 538 651 449 1009 368 1023 295 1002 230 1057 173 674 124 -2 83 680 50 1007 25 24 24 23 23 22 22 21 21 20 20 782 41 923 70 817 107 1141 152 654 205 992 266 696 335 640 412 1035 497 631 590
776 537 1163 448 1009 367 1023 294 657 229 -2 172 674 123 740 82 644 49 841 841 684 684 941 941 1118 1118 1166 1166 822 822 782 41 877 70 1153 107 883 152 654 205 692 266 696 335 -2 412 -2 497 631 590
776 537 1163 448 630 367 1120 294 657 229 844 172 1069 123 740 82 644 49 48 48 47 47 46 46 45 45 44 44 43 43 42 42 877 71 1153 108 883 153 893 206 692 267 751 336 998 413 874 498 853 591
1041 536 1000 447 630 366 1120 293 1083 228 844 171 1069 122 942 81 -2 911 911 976 976 856 856 994 994 1094 1094 695 695 786 786 965 965 71 -2 108 1016 153 893 206 1124 267 751 336 998 413 874 498 853 591
1041 536 1000 447 819 366 -2 293 1083 228 886 171 -2 122 942 81 80 80 79 79 78 78 77 77 76 76 75 75 74 74 73 73 72 72 986 109 1016 154 -2 207 1124 268 1058 337 642 414 851 499 1008 592
873 535 1062 446 819 365 969 292 903 227 886 170 736 121 -2 728 728 -2 821 821 1026 1026 1095 1095 -2 754 754 892 892 638 638 764 764 -2 986 109 824 154 1111 207 1053 268 1058 337 642 414 851 499 1008 592
873 535 1062 446 1117 365 969 292 903 227 673 170 736 121 120 120 119 119 118 118 117 117 116 116 115 115 114 114 113 113 112 112 111 111 110 110 824 155 1111 208 1053 269 1165 338 -2 415 777 500 1170 593
910 534 878 445 1117 364 835 291 894 226 673 169 1105 1105 -2 865 865 802 802 703 703 722 722 -2 669 669 1034 1034 1107 1107 -2 907 907 -2 1077 1077 -2 155 1127 208 887 269 1165 338 990 415 777 500 1170 593
910 534 878 445 974 364 835 291 894 226 -2 169 168 168 167 167 166 166 165 165 164 164 163 163 162 162 161 161 160 160 159 159 158 158 157 157 156 156 1127 209 887 270 989 339 990 416 -2 501 668 594
-2 533 -2 444 974 363 833 290 1143 225 731 731 720 720 1063 1063 1169 1169 759 759 899 899 771 771 -2 697 697 796 796 1148 1148 831 831 1030 1030 876 876 929 929 209 -2 270 989 339 778 416 665 501 668 594
753 533 1013 444 924 363 833 290 1143 225 224 224 223 223 222 222 221 221 220 220 219 219 218 218 217 217 216 216 215 215 214 214 213 213 212 212 211 211 210 210 834 271 935 340 778 417 665 502 980 595
753 532 1013 443 924 362 -2 289 -2 730 730 983 983 -2 926 926 758 758 1167 1167 900 900 917 917 810 810 757 757 -2 707 707 1005 1005 826 826 864 864 -2 1029 1029 834 271 935 340 647 417 659 502 980 595
-2 532 807 443 -2 362 688 289 288 288 287 287 286 286 285 285 284 284 283 283 282 282 281 281 280 280 279 279 278 278 277 277 276 276 275 275 274 274 273 273 272 272 1051 341 647 418 659 503 749 596
855 531 807 442 846 361 688 -2 729 729 847 847 -2 934 934 792 792 -2 904 904 -2 636 636 -2 794 794 -2 919 919 765 765 1074 1074 -2 1024 1024 1031 1031 997 997 827 827 1051 341 -2 418 770 503 749 596
855 531 700 442 846 361 360 360 359 359 358 358 357 357 356 356 355 355 354 354 353 353 352 352 351 351 350 350 349 349 348 348 347 347 346 346 345 345 344 344 343 343 342 342 693 419 770 504 988 597
987 530 700 441 1123 1123 -2 906 906 860 860 1061 1061 -2 1090 1090 -2 1045 1045 922 922 1099 1099 634 634 1040 1040 -2 947 947 946 946 850 850 787 787 920 920 995 995 645 645 1079 1079 693 419 1089 504 988 597
987 530 -2 441 440 440 439 439 438 438 437 437 436 436 435 435 434 434 433 433 432 432 431 431 430 430 429 429 428 428 427 427 426 426 425 425 424 424 423 423 422 422 421 421 420 420 1089 505 1106 598
-2 529 741 741 626 626 -2 799 799 912 912 1157 1157 1147 1147 1142 1142 961 961 -2 1054 1054 -2 677 677 788 788 1050 1050 890 890 1084 1084 -2 932 932 804 804 -2 832 832 664 664 1133 1133 814 814 505 1106 598
648 529 528 528 527 527 526 526 525 525 524 524 523 523 522 522 521 521 520 520 519 519 518 518 517 517 516 516 515 515 514 514 513 513 512 512 511 511 510 510 509 509 508 508 507 507 506 506 724 599
648 -2 633 633 1043 1043 711 711 962 962 -2 803 803 663 663 869 869 -2 973 973 -2 905 905 801 801 825 825 1036 1036 818 818 769 769 957 957 1136 1136 1080 1080 1138 1138 672 672 -2 719 719 646 646 724 599
-2 -1 623 623 622 622 621 621 620 620 619 619 618 618 617 617 616 616 615 615 614 614 613 613 612 612 611 611 610 610 609 609 608 608 607 607 606 606 605 605 604 604 603 603 602 602 601 601 600 600
26 26
