99 99
2607 2434 2434 93 4364 4364 4151 2166 2166 -2 568 568 3701 46 46 1396 1396 -2 4175 647 647 2150 3754 3754 783 3172 3172 295 4059 191 191 -2 141 141 3479 -2 3601 3734 3990 3990 110 110 -2 620 3883 1224 1224 -2 3242 3242 4291 2460 2460 -2 4102 4102 2234 2234 4384 4384 2647 2647 4206 4206 1057 674 674 3977 3977 -2 2417 3388 -2 477 2623 2623 4094 4094 1626 1626 3871 1773 1773 3945 3056 1985 1985 -2 2432 3484 2053 2053 822 3851 2580 2580 2698 3240 3240
2607 3416 296 93 4183 4183 4151 4282 4282 3627 768 768 3701 3407 3407 -2 1005 455 4175 3531 3531 2150 311 311 783 -2 3425 295 4059 970 970 3942 3942 -2 3479 47 3601 3734 -2 2204 -2 3576 166 620 3883 4168 4168 3538 3538 3836 4291 1317 4385 4385 3434 3434 4361 1026 1026 -2 1874 1874 2909 2909 1057 -2 794 794 2508 2508 2417 3388 2920 477 1150 1150 2043 2043 3295 3295 3871 2519 2519 3945 3056 -2 368 368 2432 3484 542 542 822 3851 848 -2 2698 1080 -2
-2 3416 296 2440 2440 636 636 3007 3007 3627 226 351 162 162 4106 4106 1005 455 1036 3955 420 420 4430 4430 3360 3360 3425 4 4 -2 3510 3510 2230 2230 -2 47 2902 3875 3875 2204 1066 3576 166 -2 1032 1032 978 2808 1083 3836 3902 1317 2343 2343 -2 3102 4361 955 3082 3082 218 498 276 276 653 653 244 -2 256 3645 3645 2308 2920 2118 3732 3732 1770 1394 3151 4351 -2 1628 1628 2085 2085 883 3852 891 3035 151 741 741 1801 -2 848 1591 1591 1080 4324
3415 3415 2307 2307 3628 3628 2618 810 810 170 226 351 -2 1245 2686 2686 2232 2232 1036 3955 918 3600 3600 1019 1019 2296 -2 2413 2413 1457 349 349 -2 630 630 -2 2902 4051 4051 -2 1066 4099 4099 528 2915 -2 978 2808 1083 2792 3902 747 747 943 943 3102 -2 955 2616 2616 218 498 1235 483 483 562 244 650 256 816 816 2308 3088 2118 4363 4363 1770 1394 3151 4351 1088 1088 252 252 -2 883 3852 891 3035 151 1214 1214 1801 3913 3913 4129 861 861 4324
1197 1197 2137 2137 4402 4402 2618 -2 2990 170 3915 3915 1587 1245 2320 797 797 -2 2614 2614 918 305 305 370 370 2296 3545 3545 465 1457 -2 2261 2261 -2 1212 1212 1059 1059 39 2704 3117 3973 3973 528 2915 546 -2 339 339 2792 3888 3888 338 338 3028 3028 4344 4344 2457 4473 1575 2951 1235 1069 -2 562 -2 650 703 3027 -2 1495 3088 457 457 2492 3175 3175 -2 4201 4201 3281 -2 487 521 460 460 -2 1532 1532 571 571 4407 3777 -2 4129 4111 2393 2393
4246 2801 2801 329 329 3797 3941 3356 2990 3491 2929 2929 1587 601 2320 -2 2877 2877 686 686 3390 2395 4371 3525 2930 -2 2190 2190 465 4159 4159 1110 1886 1886 1945 3520 3520 2516 39 2704 3117 2954 -2 1952 1952 546 163 163 2566 146 1112 1112 -2 1365 1365 -2 1982 1982 2457 4473 1575 2951 160 1069 2216 2216 2045 4055 703 3027 1736 1495 839 839 772 2492 803 803 4158 4158 1152 3281 1511 487 521 649 553 553 3243 2874 1958 3241 4407 3777 592 -2 4111 1844 3548
4246 2794 2794 -2 3412 3797 3941 3356 3490 3491 1024 1024 3565 601 -2 2488 2488 4425 4307 194 3390 2395 4371 3525 2930 2542 2542 -2 2050 2050 -2 1110 936 3927 1945 3641 3641 2516 1249 1249 -2 2954 1809 1809 3498 3498 2236 2236 2566 146 3115 3115 3061 3061 -2 3832 3832 -2 4365 4365 202 202 160 4397 479 1540 2045 4055 3831 3831 1736 3905 3905 3104 772 1496 3912 3919 3919 51 1152 2306 1511 -2 1688 649 4353 4353 3243 2874 1958 3241 2086 625 592 610 610 1844 3548
2176 2176 1231 1231 3412 1541 356 4300 3490 -2 2944 2944 3565 -2 3052 3052 1713 4425 4307 194 -2 4331 4075 1839 1839 1316 1316 2472 2472 430 3086 3086 936 3927 2817 3424 3424 2860 1700 -2 103 103 2302 2302 4087 4087 2263 2263 3687 1778 1584 4085 4085 551 551 190 190 4136 4136 790 3640 4010 4010 4397 479 1540 1263 1263 3544 3544 -2 3437 3437 3104 -2 1496 3912 2553 3745 51 -2 2306 3573 1675 1688 1619 629 629 960 960 4161 4161 2086 625 -2 868 -2 2572 2572
1403 1403 -2 1647 1647 1541 356 4300 1571 1571 3667 3667 1565 1565 447 447 1713 212 212 2100 886 4331 4075 1610 1610 694 694 4245 4245 430 4253 3465 3465 1451 2817 3310 3310 2860 1700 471 2211 2211 -2 825 4391 2619 4142 4142 3687 1778 1584 435 3030 3030 2521 2521 1151 1151 -2 790 3640 -2 85 85 3459 2545 2545 3047 3047 401 401 -2 4166 4166 1169 2145 2145 2553 3745 1275 2660 2660 3573 1675 -2 1619 3010 3010 3619 3619 873 -2 3678 -2 1846 868 233 233 -2
4092 4092 3546 3546 2549 1633 1954 1487 1487 4389 4389 4058 4058 -2 3483 3483 2590 2755 2755 2100 886 2609 -2 3820 1726 -2 3065 3065 680 680 4253 2338 -2 1451 3539 3539 4432 4432 1093 471 4238 4238 796 825 4391 2619 -2 2144 3834 2392 2392 435 -2 2554 224 224 392 4412 4459 4459 2826 2826 1706 1706 3459 3114 3114 -2 4095 4095 3648 3648 654 654 1169 1344 1344 3164 3164 1275 1803 1803 8 1335 547 4137 4137 2096 1022 1022 873 3951 3678 3365 1846 -2 2601 2601 2652
-2 484 484 -2 2549 1633 1954 3610 3610 -2 920 944 3174 3090 3090 -2 2590 1883 648 648 4081 2609 3187 3820 1726 3092 0 1423 2485 2485 2177 2338 2379 2379 3824 2353 1576 1576 1093 2474 3089 3089 796 -2 3002 3002 1907 2144 3834 118 118 2266 2266 2554 2832 2832 392 4412 3920 3920 56 56 1262 2291 2291 3864 3864 2297 2297 -2 3296 1325 1325 3639 3639 3868 3795 3795 489 489 1064 -2 8 1335 547 1343 1343 2096 3068 3068 -2 3951 -2 3365 -2 237 237 -2 2652
784 784 478 478 2187 2187 173 173 2330 2330 920 944 3174 812 3782 3782 3688 1883 870 870 4081 -2 3187 2010 2010 3092 0 1423 2578 2578 2177 253 312 312 3824 2353 1894 1894 -2 2474 1642 2098 3761 2370 2370 4042 1907 3876 3876 344 2505 2505 1053 1053 2784 1731 80 1165 1165 3125 143 143 1262 2487 2487 3469 3469 -2 509 509 3296 3470 3470 -2 3452 3868 3023 3023 2237 107 1064 875 246 4330 4330 3139 1716 1461 2274 2274 1804 1804 22 22 264 264 2564 1933 -2
1254 1254 2550 1222 4195 4195 1342 1342 500 2894 1180 3185 3185 812 3202 3202 3688 1771 1771 623 623 476 476 661 661 116 1551 1551 1327 2180 33 253 1542 1542 142 3959 3959 -2 2600 2600 1642 2098 3761 3983 3983 4042 3621 -2 3235 344 3895 1966 1966 -2 2784 1731 80 4267 4267 3125 -2 3622 -2 1167 1167 1986 3593 3593 2997 2612 -2 1432 1184 1184 3452 2284 2284 3938 2237 107 616 875 246 1006 352 3139 1716 1461 3798 2169 4437 4437 3806 3806 4086 4086 2564 1933 427
3397 1446 2550 1222 2352 1622 1622 -2 500 2894 1180 4272 4272 2636 4114 74 74 3293 2964 4315 4315 2110 2110 1448 187 116 3858 3858 1327 2180 33 2035 374 374 142 1111 140 1360 1360 2747 913 2 2 595 595 2173 3621 3570 3235 1260 3895 3197 3197 843 843 4476 4476 3964 -2 2582 2582 3622 2107 2107 -2 1986 994 994 2997 2612 2753 1432 4062 4062 262 1910 4256 3938 3217 3217 616 962 -2 1006 352 -2 677 -2 3798 2169 2567 2489 502 502 2305 2305 1683 1683 427
3397 1446 4348 4348 2352 3162 -2 3207 3207 -2 3589 3589 -2 2636 4114 2825 3316 3293 2964 1902 1352 1352 323 1448 187 -2 575 575 1479 1479 -2 2035 4479 2732 4105 1111 140 1062 1062 2747 913 4416 4065 882 882 2173 4478 3570 -2 1260 4146 -2 1704 1704 704 2243 2243 3964 1333 1333 2739 2739 -2 3302 779 2407 242 242 2642 2855 2753 3392 3392 -2 262 1910 4256 1369 1369 327 327 962 845 845 274 274 677 1921 1921 2674 2567 2489 492 3324 3324 3158 3158 3411 82
3405 3099 3099 567 2689 3162 3616 -2 2344 4395 4395 1925 1925 259 259 2825 3316 -2 1048 1902 3867 3867 323 2748 3353 850 850 2851 431 1670 1906 1906 4479 2732 4105 3811 3811 3552 3552 486 486 4416 4065 -2 2313 3110 4478 -2 2206 1918 4146 400 400 -2 704 1703 1703 1949 1949 2194 2194 2693 2693 3302 779 2407 -2 739 2642 2855 3106 3106 2912 3978 4016 4016 1601 1837 3017 3017 -2 3861 -2 1996 1996 -2 4128 4128 3011 2674 3741 3741 492 2025 2025 -2 2595 3411 82
3405 634 634 567 2689 -2 3616 3558 2344 761 1189 4073 4073 1504 3980 3980 3126 3126 1048 3917 3917 2751 -2 2748 3353 1723 1723 2851 431 1670 3591 3591 2621 -2 1978 1978 -2 3865 3865 1866 1866 2950 2950 3301 2313 3110 1987 1987 2206 1918 3844 3844 996 996 855 855 -2 2972 2972 -2 24 24 134 652 652 -2 811 739 1289 1289 -2 1247 2912 3978 2738 3361 1601 1837 2363 3604 3604 3861 306 306 -2 1008 1008 3409 3011 -2 1467 2016 2016 54 43 43 2595 -2 2827
3057 -2 1101 3355 3774 3774 985 3558 -2 761 1189 -2 3336 1504 1339 3248 3248 2213 1092 113 113 2751 2980 2980 2055 -2 995 995 1071 589 4475 4475 2621 2409 1537 4406 4406 1493 1493 -2 3182 3182 -2 3301 2680 750 4417 998 998 3605 3605 2226 -2 4172 4172 1513 1811 -2 1980 1980 -2 588 134 1779 1779 1181 811 1065 1065 4063 4063 1247 4372 4372 2738 3361 4217 164 2363 940 1548 4054 -2 993 993 -2 1903 3409 4203 4203 1467 840 4342 54 1679 1679 2830 2830 2827
3057 4025 1101 3355 2608 3219 985 3447 3447 4375 1238 1238 3336 2671 1339 2084 2084 2213 1092 -2 4242 1484 2054 2054 2055 1828 1828 -2 1071 589 3998 3998 3495 2409 1537 1943 1943 1769 1769 4279 -2 2148 3375 3375 2680 750 4417 1125 2757 2757 910 2226 1900 1900 2598 1513 1811 2411 2411 1132 1132 588 -2 2818 2818 1181 -2 2989 2989 4290 4290 -2 4237 3989 3989 3816 4217 164 87 940 1548 4054 3992 645 719 719 1903 3137 3137 1788 1788 840 4342 1665 2285 2285 3736 3698 3781
-2 4025 526 526 2608 3219 3735 3387 3387 4375 -2 2240 2240 2671 -2 257 1887 1887 -2 3432 4242 1484 -2 1856 -2 597 597 1499 4305 1281 2406 2406 3495 2768 2129 2129 3643 3643 -2 4279 4200 2148 -2 4053 4053 2286 2286 1125 3184 3184 910 1322 1322 -2 2598 -2 1410 4038 2530 556 556 963 1955 1955 3249 3249 2802 2802 4002 968 3697 3697 4237 633 633 3816 3916 3916 87 1951 1951 414 3992 645 4098 4098 2303 2303 2742 2742 4368 3318 3318 1665 1109 3004 3736 3698 3781
2433 2433 1447 1447 877 877 3735 3466 3466 1472 1472 2399 2635 1398 1398 257 4235 4235 635 3432 1279 4231 4231 1856 124 1359 1359 1499 4305 1281 3435 3435 -2 2768 -2 2807 2807 3680 2890 2890 4200 1128 1128 341 341 -2 1864 3142 3063 3063 3984 3480 4464 3231 3278 3278 1410 4038 2530 3869 3869 963 -2 874 874 3659 3659 179 4002 968 3169 3169 1183 1183 765 765 1595 1595 4019 3776 3776 414 2852 -2 199 199 3177 3177 3617 3617 4368 299 299 -2 1109 3004 -2 1077 1077
2445 61 3699 3699 1526 -2 3692 4408 4408 3892 3892 2399 2635 3344 3344 857 857 2696 635 700 1279 381 2695 2695 124 1178 -2 316 316 -2 1034 -2 3417 3417 925 925 -2 3680 -2 2987 2987 756 756 444 4202 4202 1864 3142 3130 3130 3984 3480 4464 3231 -2 1644 1337 1337 -2 697 697 1877 3475 4097 4112 4112 671 179 2650 2650 1506 1506 -2 50 1277 1277 1481 1481 4019 -2 1043 1772 2852 3306 4316 715 715 -2 3045 3045 3856 3856 2957 2957 4061 3862 3862 3626 3626
2445 61 2949 2949 1526 1814 3692 1407 3304 2676 145 145 1673 1673 3443 3443 1871 2696 2248 700 -2 381 1549 4008 -2 1178 467 467 -2 2960 1034 3564 1751 1751 1817 1599 3804 2800 2800 3940 4037 2309 4320 444 -2 4301 2493 3671 3671 -2 517 517 1860 1860 285 1644 4446 4446 1159 2672 2672 1877 3475 4097 72 443 671 1708 1708 1476 2451 1879 1879 50 1436 4020 3343 4450 2422 2422 1043 1772 4327 3306 4316 665 4419 4419 -2 1579 1579 -2 255 255 4061 -2 2896 -2 3072
4036 3550 -2 172 -2 1814 685 1407 3304 2676 1056 2064 2846 2846 2498 2498 1871 3221 2248 3710 1033 1033 1549 4008 1127 3074 3074 1973 1973 2960 4213 3564 250 250 1817 1599 3804 4399 4399 3940 4037 2309 4320 643 643 4301 2493 691 691 2334 2334 3288 3288 -2 285 3111 3111 2394 1159 583 583 -2 2966 2966 72 443 1531 1531 4465 1476 2451 1692 429 -2 1436 4020 3343 4450 2711 2711 4101 4101 4327 2402 2062 665 2888 2888 63 63 1756 1756 1984 3299 2405 2405 2896 3686 3072
4036 3550 70 172 2273 2273 685 -2 3773 3773 1056 2064 774 2651 2651 1718 -2 3221 4034 3710 4374 4370 4370 950 1127 718 3898 3898 1724 1724 4213 -2 2139 2139 4211 111 4426 1658 834 834 345 3478 3478 3143 3420 3420 3793 3793 -2 1320 1320 1156 1156 2321 2321 673 -2 2394 -2 2993 2993 1454 1454 2785 1600 1600 -2 2376 4465 2565 -2 1692 429 3649 2730 506 -2 3398 3398 1878 1878 2214 4041 2402 2062 -2 1171 1171 4276 4276 -2 4023 1984 3299 532 532 3885 3686 -2
3315 3557 70 4431 4431 3481 3481 3006 4333 4333 1678 1678 774 776 776 1718 2587 7 4034 4434 4374 3428 3428 950 -2 718 -2 3579 3579 2776 2776 2876 2876 1915 4211 111 4426 1658 1733 1733 345 3719 3719 3143 3928 -2 1119 1119 1605 1605 4298 4343 4369 4369 -2 673 582 4001 4001 3642 858 2249 2249 2785 4066 -2 2015 2376 1774 2565 1794 1794 -2 3649 2730 506 3413 2365 1764 1764 -2 2214 4041 -2 753 753 3429 3429 2480 2480 2503 4023 2471 2471 3210 3210 3885 2850 2231
3315 3557 4273 2520 2359 2359 -2 3006 441 441 2120 -2 932 932 4299 1574 2587 7 -2 4434 2967 4288 4390 4390 1124 798 798 -2 667 667 3559 4451 4451 1915 408 4043 1336 1336 -2 377 377 4440 1498 1498 3928 189 189 -2 3878 3878 4298 4343 1142 1142 1421 1421 582 4173 4173 3642 858 493 493 2133 4066 2596 2015 -2 1774 4345 2857 -2 3040 3040 1450 1450 3413 2365 413 413 2397 2397 866 1444 -2 967 967 -2 3775 3775 2503 1417 1417 4339 4339 209 209 2850 2231
628 628 4273 2520 821 -2 1389 1389 3044 899 2120 2128 2128 2979 4299 1574 4444 1702 1412 3999 2967 4288 4354 4354 1124 2875 2875 2140 2140 4074 3559 2052 2052 -2 408 4043 101 3556 2212 1957 3982 4440 1283 1283 2117 2117 4319 4319 2447 2447 4257 4229 4229 290 290 4154 4154 835 835 4367 1901 3389 3389 2133 -2 2596 -2 1089 1089 4345 2857 723 744 3163 -2 171 171 897 897 3191 3922 3922 866 1444 3523 2463 980 813 2251 3843 3843 3225 3225 -2 3603 3603 1936 1936 -2
-2 1174 1174 3079 821 1707 1409 1409 3044 899 3502 2862 2862 2979 2726 2726 4444 1702 1412 3999 2278 2278 953 4396 4396 2823 4457 3724 3724 4074 2707 2707 1859 1859 1455 1455 101 3556 2212 1957 3982 3663 3663 3001 3581 3581 340 340 75 75 4257 4138 806 1833 1833 2710 2710 713 713 4367 1901 1693 2531 2531 2506 2506 126 126 4259 4259 -2 723 744 3163 1953 1953 -2 1682 1682 3191 923 923 2026 2484 3523 2463 980 813 2251 1999 1999 3394 3394 3714 3714 59 59 959 959
1780 2000 2000 3079 -2 1707 3903 879 879 -2 3502 279 3348 622 3136 1218 1218 2699 2699 -2 1073 1073 953 4187 2101 2823 4457 439 1497 1497 2271 154 154 4356 759 2788 2788 -2 853 853 4481 4481 2111 3001 1937 3526 511 511 -2 3157 3157 4138 806 2149 2149 -2 4130 1195 1195 3957 3957 1693 3135 4411 4411 -2 297 38 3607 3607 3540 4266 4266 3796 3796 4422 4198 1166 3872 3872 2372 2372 2026 2484 1375 1581 375 1983 1983 -2 878 878 2927 -2 3132 3772 3772 1471 1471
1780 4294 4294 549 549 3438 3903 2936 2936 1890 742 279 3348 622 3136 -2 2921 270 4332 1312 -2 3350 3350 4187 2101 3519 3519 439 -2 1959 2271 -2 1236 4356 759 3440 3440 3378 3378 1686 1 731 2111 -2 1937 3526 557 557 3141 3141 2778 1338 136 136 795 795 4130 3932 3932 -2 3760 3760 3135 3993 926 3542 297 38 1213 1213 3540 1102 3966 1988 1988 4422 4198 1166 -2 1465 1465 452 452 -2 1375 1581 375 3105 3105 508 508 2687 2927 2991 3132 3707 1656 1656 2310
4251 2762 2762 -2 2906 3438 -2 2799 2799 1890 742 3615 1354 1354 658 658 2921 270 4332 1312 833 3015 4336 3457 3457 -2 3373 1529 1655 1959 -2 3208 1236 3285 1377 -2 2996 2996 4170 1686 1 731 -2 2112 2112 3586 3586 4045 4045 1728 2778 1338 -2 1205 1205 169 169 -2 2737 3 3 785 785 3993 926 3542 2579 -2 2028 23 -2 1102 3966 4292 3807 1792 1792 512 4155 4155 2298 -2 2633 2633 -2 1870 1870 248 248 2546 -2 2687 3050 2991 2066 3707 485 485 2310
4251 337 337 2822 2906 3320 820 -2 3496 3496 -2 3615 -2 40 40 -2 928 3038 4491 4491 833 3015 4336 2559 2559 1625 3373 1529 1655 1834 1834 3208 1393 3285 1377 1830 1830 1246 4170 -2 1832 1832 745 3763 3342 679 3840 1512 1512 1728 1067 1067 748 4485 307 307 2142 2142 2737 922 3585 3211 3211 4185 4185 876 2579 325 2028 23 3711 3711 83 4292 3807 640 640 512 3751 3751 2298 983 983 705 705 1932 3335 1572 -2 2546 1919 1919 3050 1993 2066 448 -2 758 758
3463 4472 4472 2822 2467 3320 820 2358 2358 3567 2337 4388 524 524 369 369 928 3038 2366 2366 3032 3032 -2 2327 382 1625 4304 117 618 957 4462 1020 1393 4275 4275 1653 1653 1246 48 48 3000 -2 745 3763 3342 679 3840 2528 3972 4352 3246 3039 748 4485 1762 1762 69 1039 1039 922 3585 2845 2845 -2 1431 876 -2 325 -2 2223 2223 -2 83 3695 1862 1573 3069 3069 1944 1944 4254 4254 4338 692 128 1932 3335 1572 1469 1469 -2 931 1530 1993 -2 448 561 1068 1068
3463 670 3101 3101 2467 2210 416 3900 3900 3567 2337 4388 3013 3013 1233 743 2562 619 619 236 236 2239 2239 2327 382 889 4304 117 618 957 4462 1020 2325 2325 2356 2356 2861 4381 981 981 3000 1598 1796 1796 1437 3569 3569 2528 3972 4352 3246 3039 -2 909 3222 1994 69 -2 948 948 -2 3381 314 314 1431 -2 3176 3176 2624 2624 3823 682 682 3695 1862 1573 2577 3453 3453 -2 42 42 4338 692 128 733 2716 231 231 3849 3849 931 1530 2518 2518 -2 561 693 693
681 670 3516 3516 -2 2210 416 -2 3319 3319 3423 2871 3313 3313 1233 743 2562 2317 2317 86 86 4278 1898 1898 -2 889 3770 278 278 -2 3276 -2 3229 491 123 -2 2861 4381 -2 3198 -2 1598 4117 4117 1437 3778 4131 4131 3036 4089 4089 288 2350 909 3222 1994 1117 1117 -2 1466 1466 3381 832 832 -2 122 122 2507 2507 4360 3823 -2 2483 2483 1002 1002 2577 515 515 1522 1522 2880 1258 1258 914 733 2716 2649 2649 1422 1422 2983 -2 4024 605 711 711 1442 1442
681 3693 3693 1190 1190 193 -2 2069 2069 -2 3423 2871 584 584 2495 1974 1974 1971 -2 2279 2279 4278 1392 -2 2091 2091 3770 2703 3524 3524 3276 3328 3229 491 123 3988 -2 3723 1745 3198 514 514 4118 1757 1757 3778 221 221 3036 -2 2371 288 2350 3679 2215 2215 1659 1659 284 3825 4070 3655 3655 37 37 4328 4328 1680 2576 4360 -2 706 2462 2462 531 531 1841 1841 3189 3189 -2 2880 3829 3829 914 852 3262 3262 1556 1556 -2 2983 3618 4024 605 1606 1798 887 3487
3613 -2 1042 1042 4050 193 2326 2326 -2 2663 4297 621 1888 -2 2495 2540 2540 1971 2557 2557 2968 2968 1392 716 716 2924 2924 2703 4220 3329 1257 3328 1739 3685 3685 3988 1897 3723 1745 2333 2333 -2 4118 393 393 2617 2617 1115 407 407 2371 1014 1014 3679 3059 3059 -2 488 284 3825 4070 1607 -2 121 -2 3899 3899 1680 2576 391 391 706 2952 2952 3599 3599 1593 2638 2638 3725 2893 2893 4047 4047 2435 852 -2 2925 657 657 3722 3722 3618 2615 2615 1606 1798 887 3487
3613 847 2348 2348 4050 3171 2786 4463 4463 2663 4297 621 1888 1815 1046 3677 3677 3029 3029 2815 2815 -2 3161 3161 260 260 2898 2898 4220 3329 1257 2543 1739 88 88 -2 1897 2891 2891 -2 3138 3138 1507 1507 2743 2743 3987 1115 1684 1684 2956 2956 1399 1399 3192 1311 1311 488 -2 1744 4196 1607 1543 121 2761 3314 3803 3803 2163 -2 929 929 872 872 4379 4379 1593 4387 4387 3725 -2 2948 1047 -2 2435 55 55 2925 -2 3062 1367 4268 4268 -2 1585 1585 3794 3794 3395
2634 847 2323 2323 -2 3171 2786 734 4096 4096 3049 3049 4423 1815 1046 3334 3334 4221 3636 815 815 336 336 1696 1696 4311 4311 1725 1725 3606 3606 2543 -2 2838 2838 29 29 707 -2 2604 2604 2318 -2 3054 398 -2 3987 -2 229 229 4006 1326 3929 3929 3192 3904 3904 4125 1094 1744 4196 3269 1543 -2 2761 3314 2510 2404 2163 2300 -2 666 666 -2 1030 1030 1018 738 738 -2 3985 2948 1047 363 1085 4261 1852 1271 1271 3062 1367 127 127 1230 999 201 201 902 3395
2634 2923 2923 3377 3377 987 987 734 -2 2418 602 602 4423 2041 2041 2102 2102 4221 3636 3632 3632 1660 1462 1462 410 -2 1346 1346 2837 2837 2191 1740 1740 -2 522 4239 4239 707 1116 26 -2 2318 3737 3054 398 4285 -1 632 896 896 4006 1326 -2 593 593 2839 2839 4125 1094 4484 4484 3269 4133 2124 2124 3528 2510 2404 -2 2300 2632 2632 787 787 1855 1855 1018 -2 638 638 3985 2354 2354 363 1085 4261 1852 2722 941 613 613 2701 2701 1230 999 -2 1418 902 -2
3596 3596 3543 3501 3501 3961 386 2813 2813 2418 388 206 206 3362 3317 3882 3882 1158 -2 2717 2717 1660 3233 3233 410 1561 1561 4143 4143 807 2191 -2 2245 2245 522 3598 3598 1206 1116 26 2849 2849 3737 1748 1748 4285 849 632 972 972 2805 2805 418 4004 2080 3638 3638 1133 494 494 1646 1646 4133 254 254 3528 3815 1007 1911 1911 1701 1701 2283 2283 4056 4377 1473 1202 1202 3018 3018 1287 1287 -2 696 480 480 2722 941 -2 272 3393 2289 1990 1990 884 1418 3633 3633
3716 3716 3543 3258 3258 3961 386 -2 2654 2654 388 3471 3471 3362 3317 1203 1203 1158 637 426 3925 -2 200 642 1550 1550 3566 3566 1640 807 3708 3708 4260 4260 168 168 4113 1206 4468 4468 213 334 2889 2526 2941 428 849 2388 1004 1812 1812 1015 418 4004 2080 559 559 1133 3771 3771 -2 2939 1535 3787 3787 4404 3815 1007 1136 805 805 3287 3287 2378 4056 4377 1473 4218 317 4420 4420 383 3236 445 696 3789 3789 495 -2 184 272 3393 2289 3022 3022 884 -2 2341 2341
3935 2622 2622 2646 3769 3227 3227 1179 1179 -2 947 1227 1227 2175 1273 1273 4084 3370 637 426 3925 808 200 642 3133 3133 1288 1288 1640 1435 -2 3493 3493 2205 298 298 4113 2926 364 364 213 334 2889 2526 2941 428 -2 2388 1004 3067 3067 1015 245 245 -2 403 537 433 180 -2 3451 2939 1535 4017 4017 4404 2733 2733 1136 -2 908 908 -2 2378 1667 2727 3563 4218 317 668 668 383 3236 445 1882 1882 3730 495 2829 184 -2 3058 3058 1616 3283 3283 406 461 1055
3935 746 746 2646 3769 3016 3016 2844 2844 3323 947 2809 2809 2175 1869 709 4084 3370 131 2412 -2 808 3700 1105 1105 1270 366 366 -2 1435 3385 958 310 2205 -2 58 58 2926 3759 3759 1545 1545 3358 3358 2629 2629 1012 2058 -2 332 332 2513 2513 1742 2258 403 537 433 180 2184 3451 -2 1177 1177 -2 3488 3488 -2 1912 1912 -2 2478 2478 157 1667 2727 3563 243 2398 2398 1681 1681 -2 3503 3503 2316 3730 -2 2829 -2 871 1714 1714 1616 4283 4283 406 461 1055
3273 1087 1087 -2 3752 3752 4147 1405 1405 3323 -2 1379 1379 -2 1869 709 1306 1306 131 2412 2736 2736 3700 -2 1318 1270 247 247 3853 4312 3385 958 310 4032 4032 3372 3372 362 362 438 438 -2 3103 -2 539 539 1012 2058 4435 4435 1443 1443 -2 1742 2258 -2 150 150 3444 2184 -2 2315 2315 -2 3041 3041 543 543 -2 1075 1391 2029 437 157 2220 2220 153 243 -2 2754 3245 3060 1000 1000 2981 2316 2599 2599 907 907 871 84 -2 3887 3887 -2 893 893 4194
3273 2126 1295 1295 4174 4174 4147 3934 3934 927 927 -2 1331 2670 2670 -2 2946 2946 3995 3995 1414 4135 1831 1831 1318 -2 4152 4152 3853 4312 3291 3854 3854 3547 3084 3168 1079 -2 782 782 2945 2945 3103 2254 2254 2122 -2 2039 2039 2171 2171 240 240 -2 2795 2795 3890 2167 3444 1863 1863 1340 1340 3078 1433 2269 2269 2146 2146 1075 1391 2029 437 -2 558 558 153 1453 676 2754 3245 3060 1620 1620 2981 4392 4392 3810 3810 3431 3431 84 3779 3779 1095 2544 2544 3522 4194
1657 2126 -2 2078 2078 4250 4250 -2 464 464 2673 2673 1331 2774 -2 1045 1045 2697 2697 3799 1414 4135 4445 159 2683 2675 2702 2702 4039 4039 3291 3694 -2 3547 3084 3168 1079 2017 2017 1013 1013 3232 2511 1645 -2 2122 2007 -2 1426 1426 3554 2820 4378 4378 2992 2992 3890 2167 2073 2073 -2 4167 -2 3078 1433 4326 600 600 1216 1216 385 385 2403 2403 2864 1947 1947 1453 676 3160 1629 1629 3958 3509 4169 -2 1807 1807 552 2247 -2 1639 1639 1458 1095 156 156 3522 1345
1657 367 367 684 223 223 3786 3019 3019 114 114 3024 2093 2774 217 217 1822 1822 100 3799 607 607 4445 159 2683 2675 -2 964 2555 550 3414 3694 1661 1661 454 454 755 2275 3077 3077 -2 3232 2511 1645 4178 4178 2007 1386 1386 -2 3554 2820 1889 1889 3205 3367 3367 1292 1292 2655 2655 4167 2121 1334 3837 4326 3419 3419 1464 1464 77 77 1050 3274 2864 4021 4021 2631 -2 3160 1835 1835 3958 3509 4169 2389 195 195 552 2247 1552 1552 -2 1458 3094 1096 -2 2013 1345
773 773 -2 684 2426 4262 3786 1052 1052 3835 3835 3024 2093 1528 1528 3657 3657 1366 100 1876 1876 3087 49 4347 4347 2421 2421 964 2555 550 3414 2644 2644 3284 2047 3116 755 2275 112 112 1040 2588 4013 2428 2824 1305 71 71 2097 2373 1490 2136 2074 3870 3205 2709 4270 4270 1992 1651 1651 4156 2121 1334 3837 2164 2164 283 283 -2 2105 2105 1050 3274 2928 4003 4003 2631 4031 -2 3071 1510 1510 440 -2 2389 1003 2744 472 472 2360 3497 3322 3322 3094 1096 409 2013 2947
1419 1419 1373 -2 2426 4262 1265 1265 3595 3595 -2 3244 3244 933 933 916 916 1366 3742 3309 3309 3087 49 1485 3828 3828 2293 2293 -2 1191 215 215 -2 3284 2047 3116 770 770 -2 3199 1040 2588 4013 2428 2824 1305 979 979 2097 2373 1490 2136 2074 3870 -2 2709 3634 2892 1992 1219 3819 4156 115 115 3560 846 102 102 3894 3537 3537 1519 1519 -2 2928 2848 2848 -2 4031 2919 3071 1253 1253 440 3726 1582 1003 2744 4139 4139 2360 3497 504 504 1539 1539 409 -2 2947
829 829 1373 2384 2384 -2 1734 1734 3674 3644 2597 2597 -2 2430 2430 4403 1098 1098 3742 1188 4244 -2 2006 1485 -2 3505 3505 573 573 1191 1290 -2 2764 2764 1286 1286 -2 3507 3507 3199 736 2063 4287 3066 1063 1063 1842 1842 3907 3907 2367 2367 1699 1699 2301 683 3634 2892 -2 1219 3819 1463 2541 2038 3560 846 -2 3788 3894 328 3665 3070 2514 453 453 219 219 451 451 2919 1896 1896 3279 3279 3726 1582 1308 -2 5 2113 1845 4049 -2 827 827 2135 2198 2198 2866
4341 1278 1880 -2 3530 2452 -2 1674 3674 3644 232 232 3270 1557 1557 4403 4405 2188 2188 1188 4244 1712 2006 1072 1072 1438 1438 1491 976 976 1290 3131 3131 1865 -2 1763 1763 563 563 -2 736 2063 4287 3066 3396 3396 3450 3450 1991 659 -2 789 2312 -2 2301 683 2259 2259 3721 3721 2645 1463 2541 2038 1266 530 530 3788 -2 328 3665 3070 2514 -2 2116 2116 1631 1631 -2 1914 1914 3963 3963 2036 2092 924 1308 2427 5 2113 1845 4049 3948 3948 3891 2135 1143 -2 2866
4341 1278 1880 1749 3530 2452 1084 1674 2691 1652 1652 3346 3270 3780 3780 3154 4405 185 185 4014 4181 1712 31 31 2811 3500 3500 1491 -2 2351 2351 4480 4480 1865 4208 3247 1895 3122 1413 1413 1621 1621 2390 2390 3454 1372 1372 -2 1991 659 1989 789 2312 1294 3914 2561 2561 -2 3762 4247 2645 -2 3422 3422 1266 1074 -2 2345 2345 4383 4383 4035 1297 2060 641 641 -2 282 282 2658 1782 1220 1220 2036 2092 924 1078 2427 984 1037 1618 -2 956 956 3891 436 1143 1848 1848
2907 2907 2581 1749 2910 2910 1084 2517 2691 769 769 3346 2684 2684 -2 3154 3705 596 4028 4014 4181 354 258 4132 2811 2396 2396 2299 2020 2020 3145 3145 4145 4145 4208 3247 1895 3122 3055 2865 545 3822 3822 1743 3454 3442 2280 1546 587 587 1989 865 -2 1294 3914 -2 2401 2383 3762 4247 1924 1924 -2 2656 2656 1074 3449 3449 -2 3194 728 4035 1297 2060 3541 1329 359 359 1194 2658 1782 836 836 -2 1956 1956 1078 95 984 1037 1618 3108 3108 3584 3584 436 -2 2720 2535
3817 3817 2581 -2 1291 1291 566 2517 1086 1086 2750 3924 3568 3568 3366 3366 3705 596 4028 3661 3661 354 258 4132 -2 2108 2108 2299 1916 3485 434 434 4240 4240 3881 3881 130 1776 3055 2865 545 919 919 1743 2610 3442 2280 1546 -2 1671 1671 865 1722 1722 2978 2978 2401 2383 1378 1378 -2 216 216 4295 915 -2 1011 3886 722 3194 728 -2 3863 3863 3541 1329 -2 611 1194 -2 3971 3971 3800 2606 3312 3312 -2 95 1276 1276 -2 2911 2911 2131 2131 -2 1114 2720 2535
1777 2497 2497 644 4386 4386 566 1051 1051 -2 2750 3924 3376 -2 1349 1349 3592 3592 2328 2470 -2 1577 -2 2033 1303 1303 309 309 1916 3485 -2 3594 3594 2268 4303 268 130 1776 1149 1149 -2 780 780 560 2610 25 25 -2 3003 3003 241 241 -2 2534 319 319 -2 1941 1941 2532 2532 565 565 4295 915 1186 1011 3886 722 2662 -2 2482 2482 197 197 3384 3384 611 717 717 4241 4241 3800 2606 841 689 689 -2 3733 3733 133 133 -2 4228 2867 2867 1114 1995 1995
1777 2364 1090 644 -2 935 1589 1589 -2 1049 1049 1623 3376 2336 554 2881 792 4197 2328 2470 463 1577 3838 2033 2883 732 732 -2 99 99 3765 3765 4223 2268 4303 268 1533 1368 178 320 320 3631 4483 560 442 442 3352 3474 3474 -2 1881 1881 3190 2534 228 721 2115 2115 3512 4108 1596 3930 -2 3744 1758 1186 1489 1489 -2 2662 1755 2032 1355 1355 1285 1285 2201 1244 1244 1929 2221 2221 -2 3612 841 3252 3252 1113 3841 2836 2836 1027 1027 4228 3572 3572 2162 2162 -2
4398 2364 1090 1480 1480 935 -2 1460 1460 2443 -2 1623 2165 2336 554 2881 792 4197 -2 2770 463 227 3838 4104 2883 449 1981 2003 2003 1100 2841 2841 4223 -2 1456 1456 1533 1368 178 -2 2678 3631 4483 -2 757 3747 3352 1134 3767 3767 2027 313 3190 -2 228 721 1560 1560 3512 4108 1596 3930 2290 3744 1758 3911 3363 3363 885 885 1755 2032 1307 4124 1144 1144 2201 267 267 1929 -2 3757 3757 3612 -2 2953 2953 1113 3841 1732 1732 4337 4337 2760 4011 4011 3345 2756 2138
4398 -2 1452 1452 1527 1527 3095 4150 1825 2443 3128 3128 2165 1597 1402 3662 1827 3960 3960 2770 3250 227 3991 4104 -2 449 1981 167 167 1100 2524 2524 3263 2151 2151 3134 3134 -2 2728 2728 2678 609 609 4026 757 3747 -2 1134 3624 3624 2027 313 3821 3821 2156 3575 2181 1791 1791 -2 3267 3267 2290 3571 -2 3911 3455 1853 1853 36 57 57 1307 4124 749 3933 1474 1474 2436 2436 96 96 -2 289 289 139 139 4340 4340 -2 631 2758 2758 2760 3656 3656 3345 2756 2138
1564 3740 3740 379 523 -2 3095 4150 1825 -2 468 -2 2329 1597 1402 3662 1827 204 204 2079 3250 2106 3991 2057 2057 -2 939 939 2692 2692 3085 3085 3263 3764 3764 2170 2170 4148 4148 -2 606 3009 3009 4026 -2 2088 2088 -2 2012 3947 14 2940 2828 2828 2156 3575 2181 3839 3839 1698 -2 2082 2082 3571 3623 3623 3455 4048 4048 36 1525 2988 2988 -2 749 3933 4225 4225 1502 1808 1808 53 53 3494 3494 326 -2 2276 2276 147 631 -2 564 4274 4477 4477 2475 3340 3340
1564 3020 3020 379 523 1761 3969 -2 2456 2456 468 196 2329 3936 3936 4122 4122 4488 4488 2079 251 2106 1737 1737 2448 2448 -2 1319 3921 2022 -2 2931 2931 2970 2970 2375 1829 405 1016 1016 606 3629 3629 892 4176 -2 1893 1893 2012 3947 14 2940 261 3986 3986 3326 3326 2766 3859 1698 3091 3091 1168 1168 -2 930 930 -2 4134 4134 1525 331 2347 3473 3473 1524 1690 1690 1502 2410 3129 2179 2179 2335 -2 326 2769 2769 -2 147 1121 2196 564 4274 838 838 2475 1449 1449
2183 2183 3181 3181 -2 1761 3969 3669 3669 1269 1269 196 3259 3259 3341 2235 2235 1544 1544 4212 251 2790 2790 3597 3597 3339 2195 1319 3921 2022 358 358 -2 555 1685 2375 1829 405 1280 -2 4209 3220 3220 892 4176 3477 2476 1793 3308 2984 2984 66 261 -2 303 303 -2 2766 3859 2782 2782 -2 1909 3668 3668 2319 2319 2229 1976 1976 2661 331 2347 3551 3551 1524 3713 21 -2 2410 3129 614 614 2335 9 9 2264 2264 1351 1351 1121 2196 3347 1813 1813 1664 513 3237 3237
1237 1237 -2 2897 975 975 2429 2429 4486 2158 1604 1604 3830 3830 3341 3848 333 2767 64 4212 1044 1044 -2 1229 1783 3339 2195 13 13 1126 1126 2077 2077 555 1685 2152 2152 -2 1280 459 4209 -2 1256 1256 -2 3477 2476 1793 3308 -2 2381 66 1624 1624 1719 1719 3226 3226 2735 2735 -2 1241 1909 1913 1913 2999 2999 2229 2556 2556 2661 3119 2168 2168 710 710 3713 21 207 1695 4438 4438 2419 2419 1441 -2 186 2886 2886 -2 1145 1145 3347 -2 1538 1664 513 3532 4442
2917 2917 1252 2897 3727 3727 -2 2725 4486 2158 -2 3109 3109 -2 3683 3848 333 2767 64 2625 2625 3739 3739 1229 1783 -2 271 271 1382 211 1309 1309 2568 94 3766 1730 1520 1520 767 459 3053 3053 -2 2937 3918 2449 2449 2685 2685 1554 2381 764 764 -2 3209 2961 182 4243 4243 2153 1648 1241 78 3371 3332 3332 1429 466 466 880 880 3119 1851 1851 3738 3738 1347 1347 207 1695 992 992 4091 4091 1441 1267 186 -2 2963 2083 2083 -2 1023 1023 1538 2667 2667 3532 4442
4471 4471 1252 2679 2048 1211 3255 2725 599 599 497 1411 2657 2657 3683 2573 3637 3637 4052 3404 3855 3855 2071 2071 2869 2547 2547 -2 1382 211 1107 1107 2568 94 3766 1730 76 4443 767 1494 3206 3518 3518 2937 3918 3949 -2 3533 3533 1554 4153 3251 2044 2044 3209 2961 182 2771 2771 2153 1648 2712 78 3371 2664 2664 1429 1284 1284 174 174 1819 1819 942 3517 3170 3170 67 1175 1175 1514 2072 591 591 1475 1267 2491 2491 2963 4439 740 740 2721 2721 2031 4012 4012 1636 1323
842 842 -2 2679 2048 1211 3255 1148 176 -2 497 1411 2688 2688 2094 2573 2868 2868 4052 3404 1677 1677 432 432 2869 4322 4322 951 951 3277 3277 4149 4149 2362 3330 3330 76 4443 1459 1494 3206 3690 -2 4207 4207 3949 3718 2061 1649 -2 4153 3251 3717 3717 422 422 520 520 3338 3338 -2 2712 1021 1021 3896 585 -2 2765 2765 3994 3994 1615 16 942 3517 1997 1997 67 292 2810 1514 2072 2387 2387 1475 2705 2705 2973 2973 4439 961 961 3801 2682 2031 1689 -2 1636 1323
2899 2899 3651 3651 -2 1950 1950 1148 176 3230 3230 -2 586 1434 2094 -2 3456 2067 3805 2408 -2 1130 1130 3268 3268 3037 3037 800 800 2504 2504 1173 -2 2362 1926 1926 1717 1321 1459 912 912 3690 34 4313 2789 3265 3718 2061 1649 1215 1215 3670 3670 3214 3214 -2 3472 1662 1662 1364 1364 1058 1058 -2 3896 585 92 210 1140 763 763 1615 16 4236 2605 -2 1255 1255 292 2810 104 104 3426 3426 837 837 2591 2591 966 966 4171 4171 3801 2682 -2 1689 4325 4492 20
-2 421 421 1272 1272 -2 1341 1341 1264 2700 3260 3260 586 1434 3676 3676 3456 2067 3805 2408 129 129 -2 347 2901 2901 2207 2207 -2 4110 4110 1173 771 771 2225 3749 1717 1321 1857 1857 2051 -2 34 4313 2789 3265 -2 2458 3620 3620 2257 2257 4007 1787 2059 2059 3472 4100 2244 2244 660 2203 2812 2812 2267 2267 92 210 1140 4393 4393 529 529 4236 2605 675 3715 3715 1123 1123 4453 1427 1362 3224 3224 828 828 3327 3327 4071 4071 4179 4179 1946 1946 4421 4325 4492 20
148 2479 2694 2694 2787 2787 2202 2202 1264 2700 4222 687 3476 3476 -2 3729 3729 380 380 627 627 -2 1786 347 4046 4046 2995 4030 2900 -2 2265 161 1400 1400 2225 3749 3461 -2 1710 1710 2051 1964 3785 3785 3909 1324 1324 2458 1931 1931 -2 1676 4007 1787 3193 2287 2287 4100 -2 2814 660 2203 3403 3403 3073 470 188 1500 1500 3758 3758 4366 4366 2943 2943 675 3635 3635 -2 301 4453 1427 1362 -2 2416 2416 1358 1358 1885 1687 1687 3118 3118 419 419 4421 3021 3021 4040
148 2479 3212 3728 3728 801 335 4164 1330 1790 4222 687 1199 1199 2677 2677 423 423 -2 2490 3506 355 1786 1282 2523 1691 2995 4030 2900 4192 2265 161 2833 2833 1611 1611 3461 1486 4140 361 361 1964 3294 3294 3909 1563 1563 3005 3005 1998 1998 1676 817 817 3193 -2 1609 1505 1766 2814 1821 1821 390 390 3073 470 188 3847 3847 662 -2 2159 2159 -2 4093 4093 3709 3709 1380 301 1963 3368 1424 1789 -2 1363 1363 -2 1885 389 2831 2831 3647 3647 -2 1482 1482 989 4040
714 4306 3212 1070 1070 801 335 4164 1330 1790 708 949 949 534 534 91 91 4188 4188 2490 3506 355 3660 1282 2523 1691 -2 3014 2346 4192 3790 3790 2536 2023 2023 3427 3427 1486 4140 1977 1977 -2 1310 1310 89 -2 137 137 2935 2935 -2 799 799 4329 4249 2668 1609 1505 1766 1965 1965 1137 4490 540 540 2246 2246 1612 -2 662 3300 3300 3401 3401 266 266 2001 2001 1380 1301 1963 3368 1424 1789 1641 1641 -2 1120 1120 389 2382 2382 2157 4068 2250 2250 -2 989 -2
714 4306 786 786 2560 3408 3614 3614 2982 2982 708 576 -2 1823 1823 293 2819 -2 3499 1818 3008 -2 3660 149 149 4414 729 3014 2346 1425 2454 2454 2536 4293 4293 2887 2887 4335 4335 4418 3818 2584 2584 1430 89 1753 3113 971 4144 2361 1917 2856 2872 4329 4249 2668 1234 402 2068 1420 456 1137 4490 1492 1492 -2 1975 1612 3691 2975 2975 1138 1138 3889 3889 646 1187 2009 2009 1301 3256 1296 1752 192 2455 2455 3292 3292 4255 2314 2314 -2 2157 4068 3333 1315 1315 2666 6
1939 1939 3750 4349 2560 3408 2816 2816 -2 2242 2922 576 12 12 -2 293 2819 726 3499 1818 3008 1185 1185 2281 2281 4414 729 701 701 1425 1760 2934 2934 4009 4009 490 490 905 905 4418 3818 4263 4263 1430 3400 1753 3113 971 4144 2361 1917 2856 2872 3120 2918 -2 1234 402 2068 1420 456 1635 1635 2653 2653 404 1975 -2 3691 4302 1198 1198 -2 2227 2227 646 1187 1720 1694 1694 3256 1296 1752 192 -2 3311 2014 -2 4255 572 572 2648 417 417 3333 2377 2571 2666 6
1850 1850 3750 4349 3033 198 198 1408 1408 2242 2922 3093 1534 3239 3239 934 934 726 3261 3261 60 60 997 997 -2 2446 788 788 1517 1517 1760 2512 2512 -2 2628 -2 1304 1155 2095 1930 -2 1508 3144 3144 3400 3652 3652 4410 4410 3464 -2 2974 2974 3120 2918 3195 3195 3272 3410 1970 397 397 2552 2552 324 404 -2 578 578 4302 1768 1768 1705 3529 2775 3611 1617 1720 2791 2791 450 2004 894 4205 4205 3311 2014 3290 3290 2873 -2 2648 234 234 -2 2377 2571 3402 3223
3286 3042 1802 1568 3033 -2 3436 4447 4447 1666 1666 3093 1534 -2 3956 3956 -2 2882 2882 30 30 4281 4005 3658 3658 2446 3468 3468 -2 4163 4415 4415 4090 4090 2628 1118 1304 1155 2095 1930 4346 1508 1928 1928 1054 1054 1223 2368 859 3464 1357 1810 1810 -2 3756 3446 -2 3272 3410 1970 -2 2985 1182 3650 324 3167 3167 -2 1370 304 304 -2 1705 3529 2775 3611 1617 2501 2501 594 450 2004 894 -2 3482 3482 1767 3646 3646 2873 4123 730 -2 1082 1082 3303 3303 3402 3223
3286 3042 1802 1568 4107 4107 3436 -2 1477 1477 -2 3418 3418 3188 3188 -2 2011 2011 -2 2224 2224 4281 4005 -2 1385 4227 4227 3107 3107 4163 19 19 2424 2424 3297 1118 -2 2260 2450 2450 4346 1578 1578 -2 1797 988 1223 2368 859 -2 1357 -2 225 225 3756 3446 2147 2147 1401 1401 4289 2985 1182 3650 702 702 1313 1313 1370 2331 -2 952 952 3952 3877 2914 -2 3462 3527 594 2659 4121 4460 2854 590 946 1767 1838 4321 -2 4123 730 3253 3253 2228 3280 -2 2070 2070
2355 1250 1250 496 155 3374 3374 4358 2796 2796 4083 291 27 4429 3731 238 238 -2 1217 446 446 4413 1097 1627 1385 3953 3200 3200 3696 3696 135 135 3562 4044 3297 3580 3580 2260 1146 1146 3702 3702 2459 2459 1797 988 -2 2357 2357 1300 2713 2713 2174 2174 4455 4455 98 98 4280 4280 4289 3234 3234 698 698 3441 3441 881 881 2331 1106 1106 901 3952 3877 2914 2218 3462 3527 3504 2659 4121 4460 2854 590 946 -2 1838 4321 4103 4103 1904 1643 1643 2228 3280 2570 4362 4362
2355 2252 -2 496 155 778 778 4358 3080 3080 4083 291 27 4429 3731 2185 2185 3608 1217 2499 2499 4413 1097 1627 1356 3953 -2 1470 1470 -2 4323 4323 3562 4044 624 624 823 2197 2197 4394 4394 3349 580 2537 3712 3712 1613 3664 3664 1300 4466 4466 3908 3908 2270 2270 2469 1775 2955 664 669 669 3025 3025 3153 3264 3264 4119 3954 3954 2878 2878 901 2798 2798 -2 2218 2200 2200 3504 2425 -2 2718 2718 762 -2 1208 1208 2847 2847 4078 1904 507 507 2056 2056 2570 538 538
541 2252 1259 1259 2575 -2 1750 1750 108 -2 1816 1816 -2 751 -2 3826 3826 3608 1614 1614 4424 2233 2233 342 1356 -2 527 -2 175 175 3178 688 1099 1099 300 300 823 -2 525 1200 -2 3349 580 2537 249 249 1613 2527 -2 2933 2933 3654 3152 3152 672 672 2469 1775 2955 664 1553 1553 2969 2969 3153 2690 2690 4119 -2 3083 3083 1806 353 353 4224 4224 2780 2192 2627 -2 2425 3587 1518 1518 762 4127 4127 2908 2908 -2 4078 1784 1784 917 917 4233 4233 4079 1139
541 3492 1922 3359 2575 2971 2971 -2 108 655 655 2719 2719 751 4182 4182 1592 302 302 -2 4424 4076 399 342 138 1091 527 678 1243 4160 3178 688 109 1135 -2 603 3383 3383 525 1200 4401 2903 1332 1025 1923 2288 2288 2527 2114 1162 1630 3654 469 469 4474 4474 516 -2 1697 1697 4126 4126 2905 4252 4252 318 3458 3458 2998 2998 208 1806 3382 3382 1221 1221 2780 2192 2627 1387 3884 3587 -2 1239 1239 120 120 -2 1891 3271 3271 3215 3215 1961 1961 3216 3216 4079 1139
-2 3492 1922 3359 3460 1721 3513 1397 2643 2643 1509 2502 2502 4015 2178 2178 1592 2958 2958 3147 3147 4076 399 1225 138 1091 -2 678 1243 4160 2141 3354 109 1135 3238 603 424 3975 804 3148 4401 2903 1332 1025 1923 1899 3201 965 2114 1162 1630 286 286 -2 3043 3043 516 3866 826 3682 3682 -2 2905 2103 2103 318 -2 1232 2583 1840 208 1228 3893 4456 4456 1663 2594 -2 869 1387 3884 2123 2123 3561 3075 -2 2018 2018 1891 3026 3026 3076 830 830 2863 -2 2592 2592 -2
2295 2295 4376 4376 3460 1721 3513 1397 2277 2277 1509 3845 3845 4015 1103 -2 3254 3254 1415 1415 1293 1293 -2 1225 346 376 376 1562 1562 864 2141 3354 3926 4264 3238 3974 424 3975 804 3148 1969 203 203 4232 4232 1899 3201 965 2415 2292 2292 -2 273 273 3833 3976 3976 3866 826 2109 2109 2076 2076 4467 4467 2127 2127 1232 2583 1840 3165 1228 3893 1654 1654 1663 2594 2885 869 1428 1972 3962 3962 3561 3075 2420 2420 3720 3720 45 45 3076 3590 777 2863 384 384 1781 1781
1669 570 570 1738 1738 3012 3012 1741 1741 991 1395 2731 4296 4433 1103 2626 2626 1905 2916 2639 982 982 3673 1569 346 2793 2793 3046 3046 864 3897 3897 3926 4264 4380 3974 1785 1785 2620 2620 1969 2030 2030 -2 4077 4077 1824 -2 2415 3124 2431 2431 4482 4482 3833 -2 1847 1847 3965 2119 2119 2870 3997 986 986 3146 3146 3204 3204 -2 3165 3577 3577 4317 3704 3704 -2 2885 -2 1428 1972 3331 1001 3768 3768 2932 4191 2895 2895 -2 3179 3179 3590 777 3906 2593 3653 2859 2859
1669 -2 458 -2 2977 2977 -2 2294 482 991 1395 2731 4296 4433 2155 2155 -2 1905 2916 2639 2324 2324 3673 1569 3675 2439 -2 519 519 2342 2342 2746 2746 1884 4380 2143 2143 724 3100 1160 1348 3879 3879 4449 1248 -2 1824 3337 3337 3124 3448 3448 4382 1875 1875 4184 4269 4489 3965 856 -2 2870 3997 4199 4199 2154 712 712 1868 1868 824 824 921 4317 2494 2494 18 2821 4072 900 900 3331 1001 2021 2021 2932 4191 3213 3666 2400 2400 2037 4027 4027 3906 2593 3653 -2 3809
-2 766 458 2509 2509 3802 2884 2294 482 2199 3681 3681 2385 2385 2444 2186 2186 2904 3380 230 2453 2453 1735 1735 3675 2439 1580 4069 4029 -2 2525 2525 -2 1884 4033 3549 3549 724 3100 1160 1348 4165 4165 4449 1248 581 581 1141 1141 -2 535 535 4382 -2 222 4184 4269 4489 604 856 3098 3098 -2 81 3827 2154 2304 -2 1979 1979 4115 4115 921 -2 3873 3873 18 2821 4072 518 518 574 574 2533 2533 2962 2962 3213 3666 2637 2637 2037 1376 1376 1416 1416 3282 3282 3809
1637 766 3514 3514 -2 3802 2884 1872 1872 2199 2779 2779 2332 -2 2444 2441 -2 2904 3380 230 373 3791 3791 -2 1672 1672 1580 4069 4029 1668 269 415 2161 904 4033 2641 2641 3923 3923 4214 1122 1161 2740 2740 4286 4409 4309 663 1960 1960 2834 2834 3218 3218 222 3275 3275 205 604 2729 2729 97 97 81 3827 510 2304 720 -2 938 3155 17 4452 4190 4448 4448 2589 2589 3602 3602 2217 2217 2574 3950 3950 3944 3150 481 481 3140 79 79 1154 3406 -2 277 277 1172 1172
1637 395 3421 3421 2282 2282 -2 3156 3156 -2 2104 2130 2332 1746 1746 2441 4359 533 533 -2 373 4109 598 4057 3489 3489 -2 3149 3149 1668 269 415 2161 904 3535 3535 1157 1157 -2 4214 1122 1161 3609 360 4286 4409 4309 663 119 2464 2182 2182 -2 4470 3351 3351 544 205 802 569 569 473 639 639 -2 510 -2 720 1588 938 3155 17 4452 4190 1567 1567 -2 3121 3121 3534 4441 2613 2574 28 28 3944 3150 3203 3203 3140 2569 2569 1154 3406 3943 3943 -2 1940 1940
2461 395 -2 10 3842 3842 2132 2132 425 2563 2104 2130 265 265 1041 1041 4359 1800 1800 1404 1404 4109 598 4057 -2 2311 2858 2858 3289 3289 -2 4141 4141 2879 2879 1729 2208 2208 4216 4216 2241 2241 3609 360 695 695 -2 68 119 2464 2189 3689 3689 4470 612 612 544 -2 802 -2 1361 473 735 44 44 501 501 -2 1588 280 3166 3166 2913 4157 4157 2938 752 1927 -2 3534 4441 2613 2772 3186 275 275 2611 2611 3257 3257 1406 1406 3813 3813 4458 4458 809 809 1028
2461 814 814 10 4193 1207 4116 4116 425 2563 -2 781 781 860 1170 1170 2724 462 462 4427 2209 4487 4162 4162 2529 2311 1709 1709 1350 1350 1873 1873 1849 1849 -2 1729 -2 2219 2219 4088 4088 -2 1010 1010 475 2172 2172 68 1242 1242 2189 -2 4210 4210 2749 626 626 890 1805 1805 1361 -2 735 867 1060 615 181 32 32 280 3031 4258 2913 3357 3357 2938 752 1927 3173 3173 315 315 2772 3186 -2 3305 3305 1747 2714 1302 -2 1328 1328 2008 2008 1268 954 954 1028
1226 1566 1566 -2 4193 1207 844 844 863 863 754 754 1251 860 3159 3159 2724 4186 4186 4427 2209 4487 1371 1371 2529 2465 2465 -2 2976 2976 2486 1583 -2 690 690 2253 2253 1555 2797 294 132 132 4219 1935 475 1009 1009 -2 1536 1536 2602 2602 2160 3183 2749 1836 -2 890 125 125 2002 1440 1440 867 1060 615 181 888 1193 1193 3031 4258 3979 4204 4204 4080 4080 1650 1164 4318 2734 2734 3746 1968 4461 4469 4469 1747 2714 1302 3748 411 1826 1826 -2 1268 4067 4334 4355
1226 3578 2090 2339 3874 3874 2034 396 945 2994 2994 1570 1251 -2 2349 2349 3536 3536 -2 2477 2477 2466 1374 3937 3445 3445 1938 378 3672 3672 2486 1583 1547 1547 1131 1131 -2 1555 2797 294 898 898 4219 1935 2442 -2 281 281 3860 3860 1521 1521 2160 3183 3625 1836 1061 -2 2745 2745 2002 -2 52 52 2853 2853 1602 888 2806 2806 990 990 3979 1795 -2 911 911 1650 1164 4318 903 903 3746 1968 4461 1104 1104 -2 2391 2391 3748 411 -2 3064 3064 725 4067 4334 4355
1209 3578 2090 2339 183 183 2034 396 945 3048 3048 1570 -2 239 239 851 851 371 371 -2 3467 2466 1374 3937 2040 1892 1938 378 3684 35 3325 3325 -2 577 1076 1076 1559 1559 -2 263 263 3812 3812 -2 2442 2322 -2 2089 4428 4400 4400 1711 1967 -2 3625 1383 1061 235 1483 2741 1261 1261 2238 2238 3743 3743 1602 -2 1523 1523 3369 3369 -2 1795 1503 1503 854 1204 1204 2522 2522 2723 2723 3399 3399 106 106 357 357 3096 3096 1799 2773 4022 4022 725 1586 1586 4373
1209 4230 4082 308 308 1843 152 2374 3850 793 906 906 2005 -2 1388 -2 1942 -2 1858 1858 3467 1854 1240 3379 2040 1892 1727 1727 3684 35 818 1176 1176 577 2414 2414 1163 1163 2986 2986 2515 2548 2548 1147 1147 2322 177 2089 4428 1299 1299 1711 1967 1314 1314 1383 -2 235 1483 2741 365 365 -2 1017 1017 372 -2 1861 1632 2438 -2 1638 1638 -2 1129 1129 854 3946 3946 4177 3901 2042 2042 2752 1445 1445 -2 1153 1153 3784 3784 1799 2773 2640 2640 -2 2423 1108 4373
3880 4230 4082 3792 3792 1843 152 2374 3850 793 3846 3706 2005 322 1388 2665 1942 579 3307 -2 1558 1854 1240 3379 2603 2099 2099 3266 2783 2783 818 65 65 -2 4120 348 2386 2759 3430 3430 2515 -2 4180 1298 1298 -2 177 73 73 3814 3814 505 505 1765 2681 2681 760 760 1515 4189 536 3051 2585 548 548 372 3298 1861 1632 2438 1390 -2 41 41 617 617 -2 2586 2586 4177 3901 937 937 2752 1867 -2 3630 3630 3439 3439 2075 2075 -2 2019 2019 2551 2423 1108 -2
3880 2049 2049 387 387 3123 3123 2942 2959 2959 3846 3706 -2 322 -2 2665 -2 579 3307 2835 1558 -2 3910 3910 2603 3515 3127 3266 1031 1031 2437 2437 4064 4064 4120 348 2386 2759 62 1608 -2 2558 4180 3588 3588 1478 1478 4357 1590 1590 -2 220 220 1765 699 2781 4248 4248 1515 4189 536 3051 2585 2496 2496 343 3298 3112 4060 4060 1390 2272 737 -2 2134 2134 3391 3391 1029 1029 287 287 1962 1962 1867 2065 1920 651 651 3521 3521 2840 2840 15 15 2551 2262 2262 394
4226 4226 727 90 90 3583 3583 2942 3486 3228 3996 3555 3555 2380 2538 2538 1201 1201 -2 2835 3097 11 -2 1715 1715 3515 3127 4265 1274 2222 2222 3321 3321 144 144 -2 165 165 62 1608 3939 2558 1908 2803 2803 3968 -2 4357 656 1759 1759 -2 1754 1754 699 2781 1210 1210 2500 2125 2125 3582 4284 1381 608 343 3755 3112 3386 3386 -2 2272 737 969 2669 2669 1934 1934 1081 -2 499 -2 1353 4436 1439 2065 1920 1192 1192 2193 2193 4215 4215 2706 2706 412 412 -2 394
2777 -2 727 474 321 1384 3433 3433 3486 3228 3996 2715 2715 2380 2842 1035 -2 895 895 -2 3097 11 2965 2965 3574 3574 3857 4265 1274 3511 3511 3180 3753 3753 3034 3783 2255 3970 3703 974 3939 -2 1908 2708 2708 3968 503 503 656 3081 4271 3508 1196 2256 2256 791 2804 2804 2500 1820 1820 3582 4284 1381 608 3553 3755 1634 1634 2340 2340 3364 3364 969 4454 3196 977 2087 1081 2539 499 1948 1353 4436 1439 775 775 -2 2024 2024 2473 3981 3981 2369 2369 4277 4277 1468 4018
2777 214 214 474 321 1384 4234 4234 973 973 4000 4000 2630 2630 2842 1035 1594 1594 1501 1501 -2 2081 2081 -2 3967 3967 3857 2046 2046 2481 2481 3180 3808 3808 3034 3783 2255 3970 3703 974 1488 1488 -2 350 350 4350 4350 3931 3931 3081 4271 3508 1196 1516 1516 791 831 831 1603 1603 2468 2468 -2 4310 4310 3553 862 862 -2 2843 2843 105 105 -2 4454 3196 977 2087 -2 2539 -2 1948 4314 4314 158 158 819 819 4308 4308 2473 330 330 2763 2763 1038 1038 1468 4018
5 16
