4
0.2 -0.3 0.785398 1.570796
0.3 0.2 2.356194 1.570796
-0.2 0.3 3.926990 1.570796
-0.3 -0.2 5.497787 1.570796


8
0.160778 -0.455910 2.270371 2.260020
-0.059877 -0.152423 2.615438 2.349560
0.092217 -0.908759 3.937581 2.103347
0.634763 0.439841 0.246451 0.232265
-0.291208 0.939505 6.245182 2.622931
0.005957 0.114427 1.133582 1.039842
-0.303909 0.652162 4.819728 0.999183
-0.625112 -0.292457 5.316244 0.593612

4
0.2 -0.3 0.785398 1.570796
0.3 0.2 2.356194 1.570796
-0.2 0.3 3.926990 1.570796
-0.3 -0.2 5.497787 1.570796

4
0.3 -0.2 0.785398 1.570796
0.2 0.3 2.356194 1.570796
-0.3 0.2 3.926990 1.570796
-0.2 -0.3 5.497787 1.570796


4
0.2 0.2 0.785398 1.570796
-0.2 0.2 2.356194 1.570796
-0.2 -0.2 3.926990 1.570796
0.2 -0.2 5.497787 1.570796
