4
8
1 7 3 4 7 6 2 9
5
1 2 1 2 1
10
7 8 4 5 7 6 8 9 7 3
4
3 1 2 1

1
200000
324491009 124467445 123097611 409597318 87490765 340184748 168549267 718016672 964325301 197520115 45689409 738847189 390876375 166772115 290703060 897477217 221817523 606728793 884568495 400228291 567981995 395795863 312379222 782238271 253462666 54741664 186312437 879450459 833484026 444377167 472857305 62809186 160939532 843703681 172975348 769231588 740922037 396391830 376840029 200111924 217003083 823488244 784173262 581869801 150702860 550428036 743927588 502224221 916883607 748228915 1848

